translate/ONIV_022T.cnv
* Sea-Bird SBE 9 Data File:
* FileName = D:\COMISSOES\2009\OCEANO_NORTE_IV\Bruto\ONIV_022.dat
* Software Version Seasave Win32 V 5.37d
* Temperature SN = 2326
* Conductivity SN = 2002
* Number of Bytes Per Scan = 21
* Number of Voltage Words = 1
* Number of Scans Averaged by the Deck Unit = 1
* NMEA Latitude = 04 04.05 N
* NMEA Longitude = 049 16.14 W
* NMEA UTC (Time) = 19:18:31
** H40
** NOc ANTARES
** 204
** OCEANO N IV
**   022
**   04 04,03 N
**   049 16,13 W
**   09/08/2009 19:17
**   305
** 9P46375-0881
**   1T TANGARI
# nquan = 15                                
# nvalues = 20877                       
# units = specified
# name 0 = scan: Scan Count
# name 1 = timeJ: Julian Days
# name 2 = depSM: Depth [salt water, m]
# name 3 = prDM: Pressure, Digiquartz [db]
# name 4 = pumps: Pump Status
# name 5 = t090C: Temperature [ITS-90, deg C]
# name 6 = c0mS/cm: Conductivity [mS/cm]
# name 7 = c1mS/cm: Conductivity, 2 [mS/cm]
# name 8 = sbeox0Mg/L: Oxygen, SBE 43 [mg/l]
# name 9 = sigma-é00: Density [sigma-theta, kg/m^3]
# name 10 = potemp090C: Potential Temperature [ITS-90, deg C]
# name 11 = sal00: Salinity, Practical [PSU]
# name 12 = oxsolMg/L: Oxygen Saturation, Garcia & Gordon [mg/l]
# name 13 = oxsatMg/L: Oxygen Saturation, Weiss [mg/l]
# name 14 = flag: flag
# span 0 =          1,      20877       
# span 1 = 221.802094, 221.812164       
# span 2 =     -0.315,    280.233       
# span 3 =     -0.216,    281.919       
# span 4 =          1,          1       
# span 5 =    11.3044,    28.5571       
# span 6 =  39.501297,  57.763130       
# span 7 =  39.503990,  57.768181       
# span 8 =     4.7268,     6.6729       
# span 9 =    22.6976,    26.7664       
# span 10 =    11.2689,    28.5569      
# span 11 =    35.0342,    36.4398      
# span 12 =    6.35913,    8.77331      
# span 13 =    6.34279,    8.77470      
# span 14 = 0.0000e+00, 0.0000e+00      
# interval = seconds: 0.0416667
# start_time = Aug 09 2009 19:15:01 [System UpLoad Time]
# bad_flag = -9.990e-29
*END*
[from data line 7519]
       7520 221.805725    178.374    179.388          1    11.9140  40.104069  40.121326     5.1634    26.6916    11.8907    35.1050    8.65802    8.65791 0.0000e+00
       7521 221.805725    178.389    179.353          1    11.9149  40.095013  40.124359     5.1634    26.6839    11.8916    35.0953    8.65838    8.65826 0.0000e+00
       7522 221.805725    178.260    179.315          1    11.9101  40.087006  40.128689     5.1635    26.6822    11.8868    35.0920    8.65943    8.65932 0.0000e+00
       7523 221.805725    178.336    179.275          1    11.9004  40.085983  40.131210     5.1635    26.6905    11.8771    35.1002    8.66075    8.66067 0.0000e+00
       7524 221.805725    178.206    179.231          1    11.8918  40.090885  40.129181     5.1671    26.7021    11.8685    35.1131    8.66160    8.66155 0.0000e+00
       7525 221.805725    178.108    179.185          1    11.8932  40.094685  40.121685     5.1641    26.7038    11.8699    35.1156    8.66122    8.66117 0.0000e+00
       7526 221.805725    178.047    179.139          1    11.8986  40.093967  40.117466     5.1685    26.6982    11.8753    35.1098    8.66056    8.66049 0.0000e+00
       7527 221.805725    177.978    179.094          1    11.9021  40.090515  40.112305     5.1660    26.6924    11.8788    35.1031    8.66028    8.66020 0.0000e+00
       7528 221.805725    178.047    179.051          1    11.8999  40.086407  40.101448     5.1667    26.6913    11.8767    35.1012    8.66078    8.66071 0.0000e+00
       7529 221.805725    177.978    179.005          1    11.8957  40.081043  40.091595     5.1639    26.6911    11.8725    35.0999    8.66162    8.66155 0.0000e+00
       7530 221.805725    177.879    178.959          1    11.8932  40.074219  40.083637     5.1645    26.6883    11.8699    35.0957    8.66231    8.66225 0.0000e+00
       7531 221.805725    177.864    178.912          1    11.8883  40.067299  40.075779     5.1684    26.6875    11.8651    35.0935    8.66331    8.66326 0.0000e+00
       7532 221.805725    177.819    178.865          1    11.8823  40.059204  40.070110     5.1686    26.6869    11.8591    35.0912    8.66452    8.66448 0.0000e+00
       7533 221.805725    177.819    178.816          1    11.8764  40.050343  40.067162     5.1687    26.6856    11.8532    35.0882    8.66577    8.66574 0.0000e+00
       7534 221.805725    177.636    178.767          1    11.8688  40.045143  40.062351     5.1689    26.6887    11.8456    35.0902    8.66703    8.66702 0.0000e+00
       7535 221.805725    177.651    178.718          1    11.8599  40.043758  40.054092     5.1690    26.6958    11.8368    35.0973    8.66826    8.66827 0.0000e+00
       7536 221.805725    177.636    178.670          1    11.8546  40.042618  40.049809     5.1690    26.6999    11.8315    35.1012    8.66901    8.66904 0.0000e+00
       7537 221.805725    177.598    178.621          1    11.8534  40.040169  40.050079     5.1691    26.6991    11.8303    35.0999    8.66929    8.66933 0.0000e+00
       7538 221.805725    177.469    178.571          1    11.8521  40.037407  40.048515     5.1690    26.6983    11.8290    35.0985    8.66961    8.66965 0.0000e+00
       7539 221.805725    177.484    178.521          1    11.8494  40.034706  40.043800     5.1690    26.6987    11.8263    35.0984    8.67011    8.67015 0.0000e+00
       7540 221.805725    177.423    178.471          1    11.8471  40.033188  40.039787     5.1690    26.6997    11.8240    35.0992    8.67049    8.67054 0.0000e+00
       7541 221.805725    177.408    178.419          1    11.8448  40.034367  40.037579     5.1688    26.7027    11.8218    35.1024    8.67072    8.67077 0.0000e+00
       7542 221.805725    177.256    178.367          1    11.8433  40.038124  40.036251     5.1687    26.7070    11.8203    35.1076    8.67071    8.67077 0.0000e+00
       7543 221.805725    177.241    178.316          1    11.8437  40.040916  40.035614     5.1653    26.7088    11.8206    35.1100    8.67051    8.67058 0.0000e+00
       7544 221.805725    177.256    178.265          1    11.8466  40.043648  40.036633     5.1654    26.7082    11.8235    35.1100    8.66999    8.67005 0.0000e+00
       7545 221.805740    177.066    178.214          1    11.8497  40.047634  40.040359     5.1654    26.7084    11.8266    35.1109    8.66937    8.66942 0.0000e+00
       7546 221.805740    177.089    178.164          1    11.8513  40.050377  40.047386     5.1656    26.7090    11.8282    35.1122    8.66902    8.66906 0.0000e+00
       7547 221.805740    177.013    178.117          1    11.8553  40.051834  40.055111     5.1692    26.7064    11.8323    35.1098    8.66841    8.66844 0.0000e+00
       7548 221.805740    177.028    178.070          1    11.8583  40.054752  40.059971     5.1656    26.7059    11.8352    35.1099    8.66787    8.66790 0.0000e+00
       7549 221.805740    176.914    178.024          1    11.8595  40.060555  40.063416     5.1692    26.7092    11.8365    35.1144    8.66739    8.66742 0.0000e+00
       7550 221.805740    176.899    177.979          1    11.8623  40.067070  40.069065     5.1658    26.7116    11.8392    35.1182    8.66668    8.66671 0.0000e+00
       7551 221.805740    176.861    177.935          1    11.8670  40.071453  40.074802     5.1693    26.7107    11.8439    35.1181    8.66584    8.66585 0.0000e+00
       7552 221.805740    176.785    177.892          1    11.8737  40.073528  40.078686     5.1692    26.7060    11.8507    35.1138    8.66485    8.66484 0.0000e+00
       7553 221.805740    176.747    177.851          1    11.8783  40.075672  40.080204     5.1693    26.7035    11.8552    35.1116    8.66414    8.66412 0.0000e+00
       7554 221.805740    176.731    177.812          1    11.8804  40.077766  40.079494     5.1695    26.7031    11.8574    35.1116    8.66375    8.66372 0.0000e+00
       7555 221.805740    176.686    177.774          1    11.8821  40.079224  40.077656     5.1696    26.7026    11.8591    35.1115    8.66345    8.66342 0.0000e+00
       7556 221.805740    176.617    177.738          1    11.8849  40.080093  40.074982     5.1699    26.7007    11.8619    35.1097    8.66304    8.66300 0.0000e+00
       7557 221.805740    176.579    177.705          1    11.8864  40.081589  40.072933     5.1699    26.7005    11.8633    35.1098    8.66277    8.66273 0.0000e+00
       7558 221.805740    176.557    177.674          1    11.8873  40.082825  40.072395     5.1701    26.7006    11.8642    35.1102    8.66258    8.66254 0.0000e+00
       7559 221.805740    176.579    177.645          1    11.8884  40.083851  40.073051     5.1704    26.7004    11.8653    35.1101    8.66238    8.66234 0.0000e+00
       7560 221.805740    176.519    177.618          1    11.8900  40.084652  40.074268     5.1743    26.6996    11.8670    35.1094    8.66213    8.66208 0.0000e+00
       7561 221.805740    176.443    177.593          1    11.8911  40.085388  40.074448     5.1745    26.6991    11.8681    35.1091    8.66195    8.66190 0.0000e+00
       7562 221.805740    176.465    177.571          1    11.8924  40.085724  40.073261     5.1713    26.6982    11.8693    35.1083    8.66177    8.66171 0.0000e+00
       7563 221.805740    176.503    177.550          1    11.8930  40.085167  40.072395     5.1714    26.6972    11.8699    35.1072    8.66172    8.66166 0.0000e+00
       7564 221.805740    176.405    177.531          1    11.8929  40.084564  40.071739     5.1715    26.6969    11.8698    35.1067    8.66176    8.66171 0.0000e+00
       7565 221.805740    176.389    177.515          1    11.8927  40.084183  40.072464     5.1717    26.6968    11.8696    35.1065    8.66181    8.66175 0.0000e+00
       7566 221.805740    176.351    177.501          1    11.8920  40.084000  40.073692     5.1717    26.6972    11.8690    35.1070    8.66190    8.66185 0.0000e+00
       7567 221.805740    176.389    177.491          1    11.8916  40.084167  40.074348     5.1719    26.6977    11.8686    35.1075    8.66195    8.66189 0.0000e+00
       7568 221.805740    176.404    177.483          1    11.8913  40.084484  40.074955     5.1684    26.6982    11.8683    35.1081    8.66196    8.66191 0.0000e+00
       7569 221.805740    176.328    177.477          1    11.8919  40.084816  40.075859     5.1687    26.6979    11.8689    35.1078    8.66187    8.66181 0.0000e+00
       7570 221.805740    176.351    177.474          1    11.8925  40.084198  40.076302     5.1687    26.6969    11.8695    35.1067    8.66183    8.66177 0.0000e+00
       7571 221.805740    176.328    177.475          1    11.8925  40.082703  40.075329     5.1723    26.6958    11.8694    35.1053    8.66191    8.66186 0.0000e+00
       7572 221.805740    176.404    177.478          1    11.8924  40.079819  40.075085     5.1724    26.6937    11.8693    35.1025    8.66208    8.66202 0.0000e+00
       7573 221.805740    176.351    177.484          1    11.8911  40.077442  40.073292     5.1723    26.6931    11.8681    35.1014    8.66237    8.66231 0.0000e+00
       7574 221.805740    176.389    177.492          1    11.8881  40.075871  40.067856     5.1725    26.6946    11.8651    35.1026    8.66284    8.66279 0.0000e+00
       7575 221.805740    176.404    177.502          1    11.8862  40.074257  40.062115     5.1726    26.6952    11.8632    35.1029    8.66318    8.66314 0.0000e+00
       7576 221.805740    176.389    177.515          1    11.8846  40.072784  40.059666     5.1692    26.6955    11.8616    35.1029    8.66346    8.66342 0.0000e+00
       7577 221.805756    176.351    177.531          1    11.8830  40.071930  40.059601     5.1693    26.6964    11.8600    35.1036    8.66372    8.66369 0.0000e+00
       7578 221.805756    176.442    177.551          1    11.8814  40.071865  40.059650     5.1730    26.6978    11.8584    35.1050    8.66393    8.66390 0.0000e+00
       7579 221.805756    176.465    177.574          1    11.8806  40.071999  40.058552     5.1731    26.6986    11.8576    35.1059    8.66402    8.66400 0.0000e+00
       7580 221.805756    176.503    177.599          1    11.8808  40.071831  40.057503     5.1697    26.6983    11.8578    35.1056    8.66401    8.66399 0.0000e+00
       7581 221.805756    176.518    177.627          1    11.8806  40.071865  40.057175     5.1769    26.6985    11.8576    35.1057    8.66403    8.66401 0.0000e+00
       7582 221.805756    176.503    177.657          1    11.8808  40.072151  40.057884     5.1732    26.6985    11.8577    35.1059    8.66400    8.66397 0.0000e+00
       7583 221.805756    176.518    177.690          1    11.8805  40.072586  40.057980     5.1698    26.6991    11.8574    35.1066    8.66402    8.66399 0.0000e+00
       7584 221.805756    176.617    177.728          1    11.8808  40.072956  40.057438     5.1733    26.6991    11.8577    35.1066    8.66396    8.66393 0.0000e+00
       7585 221.805756    176.633    177.770          1    11.8811  40.073242  40.057766     5.1731    26.6990    11.8581    35.1066    8.66390    8.66387 0.0000e+00
       7586 221.805756    176.686    177.814          1    11.8814  40.074013  40.058720     5.1731    26.6993    11.8584    35.1070    8.66382    8.66379 0.0000e+00
       7587 221.805756    176.785    177.861          1    11.8818  40.075256  40.061546     5.1765    26.6999    11.8588    35.1078    8.66370    8.66367 0.0000e+00
       7588 221.805756    176.747    177.910          1    11.8821  40.076797  40.067524     5.1730    26.7008    11.8590    35.1091    8.66359    8.66356 0.0000e+00
       7589 221.805756    176.845    177.963          1    11.8833  40.078304  40.074593     5.1693    26.7008    11.8603    35.1093    8.66335    8.66331 0.0000e+00
       7590 221.805756    176.914    178.018          1    11.8851  40.079578  40.078442     5.1728    26.7000    11.8620    35.1089    8.66304    8.66301 0.0000e+00
       7591 221.805756    177.013    178.076          1    11.8860  40.080078  40.079571     5.1728    26.6996    11.8629    35.1085    8.66290    8.66286 0.0000e+00
       7592 221.805756    176.975    178.134          1    11.8873  40.080147  40.079422     5.1691    26.6985    11.8642    35.1073    8.66274    8.66269 0.0000e+00
       7593 221.805756    177.066    178.196          1    11.8877  40.080147  40.077595     5.1653    26.6980    11.8646    35.1069    8.66268    8.66263 0.0000e+00
       7594 221.805756    177.256    178.260          1    11.8876  40.078938  40.070362     5.1651    26.6972    11.8645    35.1058    8.66276    8.66271 0.0000e+00
       7595 221.805756    177.241    178.324          1    11.8877  40.074154  40.058643     5.1721    26.6934    11.8646    35.1010    8.66300    8.66296 0.0000e+00
       7596 221.805756    177.256    178.388          1    11.8876  40.065449  40.047661     5.1687    26.6869    11.8645    35.0925    8.66348    8.66343 0.0000e+00
       7597 221.805756    177.370    178.454          1    11.8847  40.056404  40.041130     5.1688    26.6827    11.8615    35.0864    8.66435    8.66431 0.0000e+00
       7598 221.805756    177.469    178.521          1    11.8777  40.049423  40.038548     5.1687    26.6838    11.8546    35.0861    8.66563    8.66560 0.0000e+00
       7599 221.805756    177.537    178.589          1    11.8688  40.042957  40.038517     5.1687    26.6871    11.8457    35.0882    8.66714    8.66714 0.0000e+00
       7600 221.805756    177.583    178.656          1    11.8615  40.037971  40.038254     5.1688    26.6900    11.8384    35.0902    8.66836    8.66838 0.0000e+00
       7601 221.805756    177.598    178.723          1    11.8553  40.035347  40.037727     5.1689    26.6937    11.8322    35.0934    8.66931    8.66934 0.0000e+00
       7602 221.805756    177.750    178.792          1    11.8501  40.034698  40.037548     5.1724    26.6980    11.8269    35.0977    8.67003    8.67007 0.0000e+00
       7603 221.805756    177.765    178.862          1    11.8464  40.033592  40.036942     5.1725    26.7006    11.8232    35.1001    8.67057    8.67063 0.0000e+00
       7604 221.805756    177.818    178.933          1    11.8450  40.032635  40.036549     5.1689    26.7010    11.8219    35.1003    8.67080    8.67085 0.0000e+00
       7605 221.805756    177.864    179.006          1    11.8438  40.032993  40.037472     5.1687    26.7024    11.8207    35.1018    8.67093    8.67099 0.0000e+00
       7606 221.805756    177.993    179.081          1    11.8423  40.033176  40.039623     5.1688    26.7039    11.8192    35.1033    8.67112    8.67119 0.0000e+00
       7607 221.805756    178.092    179.157          1    11.8425  40.032925  40.041607     5.1688    26.7035    11.8193    35.1029    8.67112    8.67118 0.0000e+00
       7608 221.805771    178.161    179.234          1    11.8427  40.033295  40.042702     5.1724    26.7036    11.8195    35.1031    8.67107    8.67114 0.0000e+00
       7609 221.805771    178.206    179.312          1    11.8426  40.034855  40.043060     5.1688    26.7048    11.8194    35.1046    8.67100    8.67106 0.0000e+00
       7610 221.805771    178.221    179.391          1    11.8428  40.036732  40.042320     5.1723    26.7060    11.8196    35.1062    8.67087    8.67094 0.0000e+00
       7611 221.805771    178.389    179.474          1    11.8438  40.037903  40.041374     5.1686    26.7060    11.8206    35.1064    8.67068    8.67074 0.0000e+00
       7612 221.805771    178.487    179.558          1    11.8450  40.039295  40.041046     5.1649    26.7059    11.8218    35.1066    8.67045    8.67051 0.0000e+00
       7613 221.805771    178.556    179.642          1    11.8469  40.039524  40.041016     5.1649    26.7044    11.8236    35.1051    8.67021    8.67026 0.0000e+00
       7614 221.805771    178.601    179.727          1    11.8481  40.039173  40.041214     5.1650    26.7030    11.8248    35.1035    8.67007    8.67012 0.0000e+00
