translate/ONIV_026T.cnv
* Sea-Bird SBE 9 Data File:
* FileName = D:\COMISSOES\2009\OCEANO_NORTE_IV\Bruto\ONIV_026.dat
* Software Version Seasave Win32 V 5.37d
* Temperature SN = 2326
* Conductivity SN = 2002
* Number of Bytes Per Scan = 21
* Number of Voltage Words = 1
* Number of Scans Averaged by the Deck Unit = 1
* NMEA Latitude = 02 52.24 N
* NMEA Longitude = 048 02.39 W
* NMEA UTC (Time) = 05:08:54
** H40
** NOc ANTARES
** 204
** OCEANO N IV
**   026
**   02 52.08 N
**   048 02.39 W
**   28/07/2009 05:01
**   164
** 9P46375-0881
**   1T JORGE LUIZ
# nquan = 15                                
# nvalues = 11935                       
# units = specified
# name 0 = scan: Scan Count
# name 1 = timeJ: Julian Days
# name 2 = depSM: Depth [salt water, m]
# name 3 = prDM: Pressure, Digiquartz [db]
# name 4 = pumps: Pump Status
# name 5 = t090C: Temperature [ITS-90, deg C]
# name 6 = c0mS/cm: Conductivity [mS/cm]
# name 7 = c1mS/cm: Conductivity, 2 [mS/cm]
# name 8 = sbeox0Mg/L: Oxygen, SBE 43 [mg/l]
# name 9 = sigma-é00: Density [sigma-theta, kg/m^3]
# name 10 = potemp090C: Potential Temperature [ITS-90, deg C]
# name 11 = sal00: Salinity, Practical [PSU]
# name 12 = oxsolMg/L: Oxygen Saturation, Garcia & Gordon [mg/l]
# name 13 = oxsatMg/L: Oxygen Saturation, Weiss [mg/l]
# name 14 = flag: flag
# span 0 =          1,      11935       
# span 1 = 209.212357, 209.218109       
# span 2 =     -1.516,    149.582       
# span 3 =     -1.398,    150.389       
# span 4 =          1,          1       
# span 5 =    11.6860,    28.5966       
# span 6 =  39.849449,  56.902618       
# span 7 =  39.846359,  56.894455       
# span 8 =     4.6598,     6.1103       
# span 9 =    19.6130,    26.8046       
# span 10 =    11.6668,    28.5957      
# span 11 =    31.5470,    36.3032      
# span 12 =    6.40665,    8.70040      
# span 13 =    6.39005,    8.70084      
# span 14 = 0.0000e+00, 0.0000e+00      
# interval = seconds: 0.0416667
# start_time = Jul 28 2009 05:05:48 [System UpLoad Time]
# bad_flag = -9.990e-29
*END*
[from data line 1254]
       1255 209.212967     -0.480     -0.428          1    28.5866  52.528145  52.400402     6.0661    19.9662    28.5867    32.0222    6.48596    6.46889 0.0000e+00
       1256 209.212967     -0.442     -0.433          1    28.5862  52.521538  52.403999     6.0681    19.9631    28.5863    32.0179    6.48615    6.46908 0.0000e+00
       1257 209.212967     -0.442     -0.438          1    28.5864  52.505085  52.410126     6.0651    19.9545    28.5865    32.0065    6.48654    6.46947 0.0000e+00
       1258 209.212967     -0.503     -0.442          1    28.5862  52.485413  52.415749     6.0650    19.9446    28.5863    31.9932    6.48705    6.46997 0.0000e+00
       1259 209.212967     -0.586     -0.442          1    28.5857  52.468506  52.417500     6.0651    19.9364    28.5858    31.9820    6.48751    6.47043 0.0000e+00
       1260 209.212967     -0.442     -0.439          1    28.5853  52.451199  52.417698     6.0678    19.9278    28.5854    31.9705    6.48797    6.47089 0.0000e+00
       1261 209.212967     -0.503     -0.433          1    28.5847  52.439758  52.417828     6.0680    19.9224    28.5848    31.9630    6.48829    6.47121 0.0000e+00
       1262 209.212967     -0.503     -0.425          1    28.5844  52.443516  52.418087     6.0651    19.9246    28.5845    31.9658    6.48823    6.47115 0.0000e+00
       1263 209.212967     -0.419     -0.414          1    28.5841  52.451832  52.418270     6.0650    19.9291    28.5842    31.9716    6.48804    6.47096 0.0000e+00
       1264 209.212967     -0.442     -0.402          1    28.5844  52.456955  52.415604     6.0649    19.9315    28.5845    31.9750    6.48790    6.47082 0.0000e+00
       1265 209.212967     -0.442     -0.388          1    28.5842  52.463703  52.413445     6.0649    19.9351    28.5843    31.9797    6.48775    6.47067 0.0000e+00
       1266 209.212967     -0.442     -0.371          1    28.5841  52.473488  52.414734     6.0677    19.9402    28.5842    31.9864    6.48751    6.47043 0.0000e+00
       1267 209.212967     -0.419     -0.352          1    28.5846  52.494007  52.420647     6.0678    19.9503    28.5847    32.0002    6.48697    6.46989 0.0000e+00
       1268 209.212967     -0.336     -0.330          1    28.5847  52.526688  52.426601     6.0679    19.9670    28.5848    32.0224    6.48615    6.46908 0.0000e+00
       1269 209.212967     -0.336     -0.307          1    28.5851  52.560207  52.429909     6.0679    19.9839    28.5852    32.0451    6.48529    6.46823 0.0000e+00
       1270 209.212967     -0.275     -0.284          1    28.5851  52.578838  52.435287     6.0679    19.9934    28.5852    32.0578    6.48483    6.46777 0.0000e+00
       1271 209.212967     -0.305     -0.259          1    28.5854  52.572090  52.440327     6.0680    19.9897    28.5855    32.0530    6.48497    6.46791 0.0000e+00
       1272 209.212967     -0.275     -0.234          1    28.5857  52.546116  52.439594     6.0654    19.9762    28.5857    32.0351    6.48559    6.46853 0.0000e+00
       1273 209.212967     -0.222     -0.206          1    28.5853  52.505020  52.430046     6.0679    19.9554    28.5854    32.0072    6.48664    6.46957 0.0000e+00
       1274 209.212982     -0.222     -0.177          1    28.5853  52.460457  52.414810     6.0650    19.9325    28.5853    31.9767    6.48774    6.47066 0.0000e+00
       1275 209.212982     -0.139     -0.148          1    28.5849  52.427849  52.403149     6.0675    19.9161    28.5850    31.9546    6.48857    6.47149 0.0000e+00
       1276 209.212982     -0.161     -0.117          1    28.5849  52.409531  52.401138     6.0699    19.9067    28.5849    31.9421    6.48903    6.47195 0.0000e+00
       1277 209.212982     -0.108     -0.085          1    28.5849  52.401443  52.403175     6.0698    19.9025    28.5850    31.9365    6.48923    6.47214 0.0000e+00
       1278 209.212982     -0.048     -0.052          1    28.5846  52.397007  52.403465     6.0698    19.9005    28.5846    31.9337    6.48937    6.47228 0.0000e+00
       1279 209.212982     -0.078     -0.019          1    28.5843  52.393040  52.401592     6.0700    19.8987    28.5843    31.9312    6.48949    6.47240 0.0000e+00
       1280 209.212982      0.006      0.016          1    28.5840  52.387947  52.397591     6.0700    19.8964    28.5840    31.9279    6.48964    6.47255 0.0000e+00
       1281 209.212982      0.006      0.052          1    28.5842  52.384171  52.393047     6.0702    19.8943    28.5842    31.9252    6.48972    6.47263 0.0000e+00
       1282 209.212982      0.119      0.089          1    28.5841  52.383709  52.387127     6.0702    19.8941    28.5841    31.9249    6.48973    6.47264 0.0000e+00
       1283 209.212982      0.089      0.127          1    28.5844  52.385792  52.380093     6.0702    19.8949    28.5844    31.9262    6.48966    6.47257 0.0000e+00
       1284 209.212982      0.172      0.164          1    28.5844  52.387508  52.376968     6.0728    19.8958    28.5843    31.9273    6.48962    6.47253 0.0000e+00
       1285 209.212982      0.233      0.202          1    28.5845  52.386795  52.375267     6.0752    19.8953    28.5845    31.9267    6.48963    6.47254 0.0000e+00
       1286 209.212982      0.233      0.238          1    28.5844  52.381599  52.371708     6.0725    19.8928    28.5843    31.9233    6.48976    6.47268 0.0000e+00
       1287 209.212982      0.203      0.276          1    28.5845  52.375275  52.368526     6.0700    19.8894    28.5844    31.9188    6.48991    6.47282 0.0000e+00
       1288 209.212982      0.286      0.315          1    28.5846  52.372192  52.366711     6.0675    19.8878    28.5845    31.9167    6.48998    6.47289 0.0000e+00
       1289 209.212982      0.347      0.355          1    28.5847  52.372257  52.366352     6.0677    19.8877    28.5847    31.9166    6.48997    6.47288 0.0000e+00
       1290 209.212982      0.347      0.397          1    28.5847  52.375652  52.366463     6.0729    19.8894    28.5846    31.9189    6.48989    6.47280 0.0000e+00
       1291 209.212982      0.453      0.439          1    28.5847  52.377724  52.366276     6.0729    19.8905    28.5846    31.9203    6.48983    6.47274 0.0000e+00
       1292 209.212982      0.423      0.483          1    28.5844  52.376312  52.366592     6.0708    19.8900    28.5843    31.9196    6.48990    6.47281 0.0000e+00
       1293 209.212982      0.514      0.527          1    28.5843  52.374443  52.366112     6.0712    19.8891    28.5842    31.9183    6.48995    6.47286 0.0000e+00
       1294 209.212982      0.567      0.572          1    28.5844  52.372272  52.366188     6.0685    19.8879    28.5842    31.9168    6.49000    6.47291 0.0000e+00
       1295 209.212982      0.567      0.619          1    28.5845  52.371922  52.367878     6.0709    19.8877    28.5844    31.9165    6.49000    6.47291 0.0000e+00
       1296 209.212982      0.650      0.666          1    28.5840  52.373009  52.370609     6.0709    19.8886    28.5839    31.9175    6.49001    6.47292 0.0000e+00
       1297 209.212982      0.681      0.714          1    28.5842  52.377510  52.375851     6.0709    19.8908    28.5840    31.9205    6.48989    6.47280 0.0000e+00
       1298 209.212982      0.794      0.763          1    28.5841  52.381416  52.385666     6.0709    19.8928    28.5840    31.9232    6.48979    6.47271 0.0000e+00
       1299 209.212982      0.794      0.811          1    28.5840  52.386585  52.389622     6.0737    19.8956    28.5838    31.9268    6.48968    6.47259 0.0000e+00
       1300 209.212982      0.878      0.859          1    28.5844  52.398548  52.394375     6.0764    19.9014    28.5842    31.9347    6.48935    6.47227 0.0000e+00
       1301 209.212982      0.855      0.908          1    28.5841  52.412605  52.406944     6.0766    19.9088    28.5839    31.9444    6.48903    6.47194 0.0000e+00
       1302 209.212982      0.961      0.957          1    28.5844  52.422066  52.416733     6.0765    19.9134    28.5842    31.9507    6.48877    6.47169 0.0000e+00
       1303 209.212982      1.022      1.006          1    28.5843  52.425331  52.419247     6.0739    19.9152    28.5841    31.9530    6.48870    6.47162 0.0000e+00
       1304 209.212982      1.022      1.054          1    28.5840  52.419228  52.422718     6.0739    19.9123    28.5838    31.9490    6.48887    6.47179 0.0000e+00
       1305 209.212997      1.105      1.103          1    28.5840  52.412285  52.425190     6.0764    19.9087    28.5838    31.9443    6.48905    6.47196 0.0000e+00
       1306 209.212997      1.075      1.153          1    28.5845  52.412956  52.426910     6.0764    19.9086    28.5842    31.9444    6.48899    6.47191 0.0000e+00
       1307 209.212997      1.189      1.204          1    28.5847  52.416969  52.423580     6.0791    19.9105    28.5845    31.9469    6.48887    6.47179 0.0000e+00
       1308 209.212997      1.249      1.257          1    28.5851  52.418892  52.419975     6.0789    19.9112    28.5848    31.9480    6.48880    6.47171 0.0000e+00
       1309 209.212997      1.272      1.309          1    28.5851  52.418381  52.420078     6.0789    19.9109    28.5848    31.9477    6.48881    6.47173 0.0000e+00
       1310 209.212997      1.356      1.363          1    28.5849  52.418404  52.419540     6.0815    19.9110    28.5846    31.9478    6.48882    6.47174 0.0000e+00
       1311 209.212997      1.416      1.417          1    28.5853  52.418102  52.416676     6.0789    19.9106    28.5849    31.9473    6.48880    6.47172 0.0000e+00
       1312 209.212997      1.530      1.469          1    28.5851  52.417805  52.415108     6.0815    19.9106    28.5848    31.9472    6.48882    6.47174 0.0000e+00
       1313 209.212997      1.469      1.521          1    28.5851  52.418594  52.412113     6.0816    19.9110    28.5847    31.9477    6.48881    6.47172 0.0000e+00
       1314 209.212997      1.553      1.573          1    28.5853  52.419998  52.403435     6.0789    19.9116    28.5849    31.9486    6.48876    6.47167 0.0000e+00
       1315 209.212997      1.697      1.625          1    28.5855  52.421043  52.391171     6.0815    19.9119    28.5851    31.9491    6.48871    6.47163 0.0000e+00
       1316 209.212997      1.644      1.675          1    28.5853  52.421551  52.379929     6.0815    19.9123    28.5849    31.9496    6.48872    6.47163 0.0000e+00
       1317 209.212997      1.697      1.725          1    28.5853  52.421867  52.372425     6.0814    19.9125    28.5849    31.9498    6.48871    6.47163 0.0000e+00
       1318 209.212997      1.750      1.776          1    28.5855  52.419407  52.368347     6.0787    19.9110    28.5851    31.9480    6.48875    6.47167 0.0000e+00
       1319 209.212997      1.894      1.827          1    28.5853  52.414909  52.368027     6.0761    19.9089    28.5848    31.9450    6.48889    6.47180 0.0000e+00
       1320 209.212997      1.864      1.877          1    28.5857  52.415504  52.370007     6.0760    19.9089    28.5852    31.9452    6.48884    6.47176 0.0000e+00
       1321 209.212997      1.925      1.925          1    28.5864  52.418354  52.370827     6.0760    19.9097    28.5860    31.9466    6.48871    6.47162 0.0000e+00
       1322 209.212997      1.925      1.974          1    28.5875  52.417183  52.370846     6.0788    19.9082    28.5870    31.9450    6.48865    6.47157 0.0000e+00
       1323 209.212997      2.008      2.023          1    28.5879  52.415874  52.373306     6.0762    19.9072    28.5874    31.9439    6.48865    6.47157 0.0000e+00
       1324 209.212997      2.144      2.072          1    28.5892  52.421513  52.379139     6.0789    19.9090    28.5887    31.9468    6.48840    6.47132 0.0000e+00
       1325 209.212997      2.091      2.119          1    28.5897  52.435268  52.382393     6.0789    19.9156    28.5892    31.9559    6.48802    6.47094 0.0000e+00
       1326 209.212997      2.205      2.166          1    28.5900  52.454941  52.388374     6.0790    19.9255    28.5894    31.9692    6.48752    6.47044 0.0000e+00
       1327 209.212997      2.205      2.211          1    28.5905  52.468311  52.402351     6.0789    19.9319    28.5900    31.9779    6.48714    6.47007 0.0000e+00
       1328 209.212997      2.258      2.255          1    28.5931  52.474274  52.413975     6.0790    19.9328    28.5925    31.9803    6.48679    6.46971 0.0000e+00
       1329 209.212997      2.289      2.299          1    28.5957  52.480984  52.425030     6.0790    19.9341    28.5952    31.9831    6.48640    6.46933 0.0000e+00
       1330 209.212997      2.319      2.343          1    28.5957  52.482449  52.441078     6.0791    19.9348    28.5951    31.9841    6.48637    6.46930 0.0000e+00
       1331 209.212997      2.433      2.386          1    28.5938  52.478714  52.456852     6.0765    19.9345    28.5933    31.9828    6.48662    6.46954 0.0000e+00
       1332 209.212997      2.433      2.428          1    28.5926  52.481018  52.465469     6.0791    19.9367    28.5920    31.9852    6.48666    6.46959 0.0000e+00
       1333 209.212997      2.486      2.469          1    28.5916  52.487354  52.468338     6.0818    19.9407    28.5910    31.9901    6.48659    6.46951 0.0000e+00
       1334 209.212997      2.455      2.509          1    28.5940  52.494473  52.472069     6.0792    19.9424    28.5934    31.9934    6.48621    6.46914 0.0000e+00
       1335 209.212997      2.600      2.549          1    28.5940  52.498848  52.479168     6.0793    19.9446    28.5934    31.9963    6.48610    6.46903 0.0000e+00
       1336 209.212997      2.600      2.587          1    28.5931  52.498634  52.478615     6.0795    19.9453    28.5925    31.9968    6.48618    6.46911 0.0000e+00
       1337 209.213013      2.653      2.624          1    28.5927  52.498055  52.475132     6.0823    19.9453    28.5921    31.9967    6.48623    6.46916 0.0000e+00
       1338 209.213013      2.653      2.660          1    28.5914  52.497871  52.484241     6.0824    19.9462    28.5908    31.9974    6.48634    6.46927 0.0000e+00
       1339 209.213013      2.683      2.695          1    28.5905  52.495522  52.498123     6.0851    19.9458    28.5899    31.9964    6.48647    6.46940 0.0000e+00
       1340 209.213013      2.766      2.729          1    28.5901  52.492786  52.508953     6.0877    19.9448    28.5894    31.9948    6.48658    6.46951 0.0000e+00
       1341 209.213013      2.713      2.763          1    28.5907  52.491913  52.517220     6.0850    19.9438    28.5900    31.9938    6.48655    6.46948 0.0000e+00
       1342 209.213013      2.766      2.796          1    28.5910  52.492966  52.521523     6.0848    19.9440    28.5904    31.9943    6.48650    6.46942 0.0000e+00
       1343 209.213013      2.827      2.831          1    28.5914  52.496605  52.520760     6.0872    19.9456    28.5907    31.9965    6.48638    6.46931 0.0000e+00
       1344 209.213013      2.911      2.864          1    28.5916  52.505344  52.518982     6.0868    19.9499    28.5909    32.0023    6.48615    6.46908 0.0000e+00
       1345 209.213013      2.941      2.896          1    28.5916  52.516045  52.521103     6.0889    19.9554    28.5909    32.0097    6.48588    6.46881 0.0000e+00
       1346 209.213013      2.941      2.925          1    28.5920  52.524887  52.523869     6.0858    19.9596    28.5913    32.0154    6.48563    6.46856 0.0000e+00
       1347 209.213013      2.941      2.952          1    28.5914  52.530857  52.525497     6.0801    19.9631    28.5907    32.0199    6.48553    6.46846 0.0000e+00
       1348 209.213013      2.994      2.979          1    28.5914  52.532665  52.525497     6.0825    19.9641    28.5907    32.0211    6.48549    6.46842 0.0000e+00
       1349 209.213013      2.994      3.005          1    28.5912  52.530975  52.527042     6.0843    19.9634    28.5905    32.0201    6.48554    6.46848 0.0000e+00
