translate/ONIV_008T.cnv
* Sea-Bird SBE 9 Data File:
* FileName = D:\COMISSOES\2009\OCEANO_NORTE_IV\Bruto\ONIV_008.dat
* Software Version Seasave Win32 V 5.37d
* Temperature SN = 2326
* Conductivity SN = 2002
* Number of Bytes Per Scan = 21
* Number of Voltage Words = 1
* Number of Scans Averaged by the Deck Unit = 1
* NMEA Latitude = 04 29.10 N
* NMEA Longitude = 050 11.66 W
* NMEA UTC (Time) = 20:49:25
** H40
** NOc ANTARES
** 204
** OCEANO N IV
**   008
**   04 29,08 N
**   050 11,64 W
**   06/08/2009 20:47
**   101
** 9P46375-0881
**   1T TANGARI
# nquan = 15                                
# nvalues = 8681                        
# units = specified
# name 0 = scan: Scan Count
# name 1 = timeJ: Julian Days
# name 2 = depSM: Depth [salt water, m]
# name 3 = prDM: Pressure, Digiquartz [db]
# name 4 = pumps: Pump Status
# name 5 = t090C: Temperature [ITS-90, deg C]
# name 6 = c0mS/cm: Conductivity [mS/cm]
# name 7 = c1mS/cm: Conductivity, 2 [mS/cm]
# name 8 = sbeox0Mg/L: Oxygen, SBE 43 [mg/l]
# name 9 = sigma-é00: Density [sigma-theta, kg/m^3]
# name 10 = potemp090C: Potential Temperature [ITS-90, deg C]
# name 11 = sal00: Salinity, Practical [PSU]
# name 12 = oxsolMg/L: Oxygen Saturation, Garcia & Gordon [mg/l]
# name 13 = oxsatMg/L: Oxygen Saturation, Weiss [mg/l]
# name 14 = flag: flag
# span 0 =          1,       8681       
# span 1 = 218.865311, 218.869492       
# span 2 =      0.388,     90.127       
# span 3 =      0.458,     90.570       
# span 4 =          1,          1       
# span 5 =    24.3353,    28.8421       
# span 6 =  45.257187,  56.913700       
# span 7 =  45.304607,  56.904572       
# span 8 =     4.7221,     6.4451       
# span 9 =    16.1545,    24.4883       
# span 10 =    24.3160,    28.8389      
# span 11 =    27.0089,    36.3272      
# span 12 =    6.43592,    6.80239      
# span 13 =    6.41914,    6.78578      
# span 14 = 0.0000e+00, 0.0000e+00      
# interval = seconds: 0.0416667
# start_time = Aug 06 2009 20:46:03 [System UpLoad Time]
# bad_flag = -9.990e-29
*END*
[from data line 2410]
       2411 218.866470     58.681     59.068          1    27.1235  56.676392  56.664436     5.3094    23.4092    27.1098    35.9644    6.49882    6.48203 0.0000e+00
       2412 218.866470     58.742     59.120          1    27.1229  56.675888  56.664875     5.3094    23.4094    27.1093    35.9645    6.49888    6.48208 0.0000e+00
       2413 218.866470     58.795     59.175          1    27.1229  56.675365  56.665367     5.3068    23.4091    27.1093    35.9641    6.49889    6.48210 0.0000e+00
       2414 218.866470     58.909     59.231          1    27.1224  56.675117  56.665688     5.3041    23.4094    27.1087    35.9643    6.49894    6.48215 0.0000e+00
       2415 218.866470     58.909     59.287          1    27.1211  56.674553  56.665878     5.3015    23.4103    27.1074    35.9649    6.49906    6.48226 0.0000e+00
       2416 218.866470     58.962     59.345          1    27.1205  56.674442  56.665916     5.3016    23.4107    27.1068    35.9652    6.49911    6.48231 0.0000e+00
       2417 218.866470     59.023     59.405          1    27.1198  56.674812  56.666656     5.2989    23.4116    27.1061    35.9660    6.49916    6.48236 0.0000e+00
       2418 218.866486     59.076     59.467          1    27.1194  56.675041  56.667473     5.2963    23.4120    27.1057    35.9665    6.49918    6.48239 0.0000e+00
       2419 218.866486     59.190     59.531          1    27.1185  56.674908  56.668060     5.2937    23.4128    27.1048    35.9671    6.49926    6.48246 0.0000e+00
       2420 218.866486     59.250     59.595          1    27.1179  56.674965  56.668247     5.2911    23.4133    27.1042    35.9675    6.49930    6.48251 0.0000e+00
       2421 218.866486     59.250     59.660          1    27.1172  56.675064  56.668781     5.2858    23.4140    27.1034    35.9681    6.49936    6.48256 0.0000e+00
       2422 218.866486     59.304     59.728          1    27.1166  56.675957  56.668610     5.2832    23.4150    27.1029    35.9692    6.49938    6.48258 0.0000e+00
       2423 218.866486     59.463     59.799          1    27.1167  56.676712  56.668095     5.2806    23.4153    27.1029    35.9697    6.49936    6.48256 0.0000e+00
       2424 218.866486     59.471     59.871          1    27.1179  56.677155  56.667564     5.2754    23.4144    27.1041    35.9690    6.49925    6.48245 0.0000e+00
       2425 218.866486     59.584     59.945          1    27.1198  56.677193  56.667835     5.2728    23.4128    27.1060    35.9676    6.49910    6.48231 0.0000e+00
       2426 218.866486     59.698     60.019          1    27.1205  56.676998  56.668423     5.2675    23.4120    27.1067    35.9668    6.49905    6.48225 0.0000e+00
       2427 218.866486     59.645     60.095          1    27.1202  56.676941  56.668171     5.2649    23.4123    27.1063    35.9671    6.49908    6.48229 0.0000e+00
       2428 218.866486     59.873     60.172          1    27.1192  56.677177  56.668098     5.2623    23.4132    27.1054    35.9679    6.49915    6.48235 0.0000e+00
       2429 218.866486     59.873     60.250          1    27.1178  56.677429  56.668232     5.2649    23.4147    27.1039    35.9692    6.49926    6.48246 0.0000e+00
       2430 218.866486     60.040     60.327          1    27.1165  56.677429  56.668785     5.2623    23.4158    27.1026    35.9702    6.49936    6.48257 0.0000e+00
       2431 218.866486     60.040     60.404          1    27.1155  56.677937  56.669411     5.2597    23.4169    27.1016    35.9713    6.49942    6.48263 0.0000e+00
       2432 218.866486     60.207     60.480          1    27.1148  56.678108  56.669102     5.2545    23.4177    27.1009    35.9719    6.49948    6.48268 0.0000e+00
       2433 218.866486     60.207     60.555          1    27.1143  56.677933  56.668785     5.2518    23.4181    27.1003    35.9722    6.49952    6.48273 0.0000e+00
       2434 218.866486     60.268     60.630          1    27.1139  56.678108  56.668957     5.2519    23.4185    27.0999    35.9726    6.49955    6.48275 0.0000e+00
       2435 218.866486     60.374     60.704          1    27.1132  56.678009  56.668919     5.2467    23.4191    27.0991    35.9731    6.49961    6.48282 0.0000e+00
       2436 218.866486     60.435     60.779          1    27.1126  56.678246  56.668995     5.2467    23.4197    27.0986    35.9736    6.49965    6.48285 0.0000e+00
       2437 218.866486     60.488     60.854          1    27.1125  56.678108  56.668861     5.2441    23.4198    27.0984    35.9736    6.49967    6.48287 0.0000e+00
       2438 218.866486     60.602     60.928          1    27.1119  56.678150  56.668976     5.2442    23.4203    27.0978    35.9741    6.49971    6.48292 0.0000e+00
       2439 218.866486     60.662     61.003          1    27.1115  56.678364  56.669147     5.2416    23.4207    27.0975    35.9745    6.49974    6.48294 0.0000e+00
       2440 218.866486     60.776     61.077          1    27.1115  56.678364  56.668671     5.2417    23.4207    27.0974    35.9745    6.49974    6.48294 0.0000e+00
       2441 218.866486     60.829     61.149          1    27.1109  56.678051  56.668335     5.2391    23.4211    27.0968    35.9747    6.49979    6.48300 0.0000e+00
       2442 218.866486     60.883     61.221          1    27.1108  56.678249  56.668278     5.2365    23.4213    27.0967    35.9749    6.49980    6.48300 0.0000e+00
       2443 218.866486     60.996     61.291          1    27.1102  56.678112  56.668278     5.2365    23.4217    27.0961    35.9752    6.49985    6.48305 0.0000e+00
       2444 218.866486     61.042     61.359          1    27.1098  56.678154  56.668278     5.2365    23.4221    27.0957    35.9755    6.49988    6.48308 0.0000e+00
       2445 218.866486     61.110     61.426          1    27.1095  56.678307  56.668278     5.2314    23.4224    27.0953    35.9759    6.49990    6.48311 0.0000e+00
       2446 218.866486     61.224     61.492          1    27.1095  56.678169  56.668278     5.2287    23.4224    27.0953    35.9758    6.49991    6.48311 0.0000e+00
       2447 218.866486     61.224     61.554          1    27.1091  56.677708  56.668282     5.2313    23.4225    27.0949    35.9757    6.49995    6.48316 0.0000e+00
       2448 218.866486     61.171     61.617          1    27.1088  56.677982  56.668282     5.2288    23.4229    27.0945    35.9762    6.49997    6.48318 0.0000e+00
       2449 218.866486     61.452     61.680          1    27.1082  56.677589  56.667999     5.2262    23.4232    27.0939    35.9763    6.50003    6.48323 0.0000e+00
       2450 218.866501     61.391     61.741          1    27.1080  56.677361  56.668358     5.2289    23.4232    27.0938    35.9762    6.50005    6.48325 0.0000e+00
       2451 218.866501     61.566     61.800          1    27.1077  56.677631  56.668396     5.2289    23.4237    27.0934    35.9767    6.50007    6.48327 0.0000e+00
       2452 218.866501     61.452     61.857          1    27.1076  56.677845  56.668076     5.2262    23.4239    27.0933    35.9769    6.50007    6.48327 0.0000e+00
       2453 218.866501     61.566     61.914          1    27.1075  56.677940  56.668381     5.2289    23.4240    27.0932    35.9770    6.50008    6.48328 0.0000e+00
       2454 218.866501     61.680     61.970          1    27.1077  56.678196  56.668396     5.2264    23.4240    27.0934    35.9771    6.50006    6.48326 0.0000e+00
       2455 218.866501     61.733     62.025          1    27.1080  56.678040  56.668301     5.2264    23.4236    27.0936    35.9767    6.50004    6.48324 0.0000e+00
       2456 218.866501     61.733     62.077          1    27.1082  56.677959  56.668282     5.2264    23.4233    27.0939    35.9764    6.50002    6.48323 0.0000e+00
       2457 218.866501     61.831     62.128          1    27.1084  56.677902  56.667713     5.2265    23.4231    27.0941    35.9762    6.50001    6.48321 0.0000e+00
       2458 218.866501     61.793     62.178          1    27.1087  56.678120  56.667641     5.2265    23.4229    27.0944    35.9761    6.49998    6.48318 0.0000e+00
       2459 218.866501     61.900     62.228          1    27.1084  56.678371  56.667789     5.2239    23.4233    27.0940    35.9765    6.50000    6.48320 0.0000e+00
       2460 218.866501     61.960     62.278          1    27.1082  56.678368  56.667831     5.2266    23.4235    27.0938    35.9767    6.50001    6.48322 0.0000e+00
       2461 218.866501     61.960     62.326          1    27.1080  56.678059  56.667831     5.2266    23.4236    27.0936    35.9766    6.50004    6.48325 0.0000e+00
       2462 218.866501     62.074     62.374          1    27.1080  56.677906  56.667488     5.2293    23.4234    27.0936    35.9764    6.50004    6.48324 0.0000e+00
       2463 218.866501     62.127     62.420          1    27.1077  56.677418  56.667603     5.2293    23.4235    27.0933    35.9764    6.50008    6.48329 0.0000e+00
       2464 218.866501     62.074     62.464          1    27.1072  56.677326  56.667793     5.2293    23.4238    27.0928    35.9766    6.50012    6.48332 0.0000e+00
       2465 218.866501     62.188     62.508          1    27.1069  56.677635  56.668056     5.2294    23.4242    27.0925    35.9770    6.50013    6.48334 0.0000e+00
       2466 218.866501     62.188     62.552          1    27.1067  56.677673  56.668247     5.2294    23.4244    27.0923    35.9772    6.50015    6.48335 0.0000e+00
       2467 218.866501     62.294     62.595          1    27.1069  56.677773  56.668285     5.2268    23.4244    27.0924    35.9772    6.50014    6.48334 0.0000e+00
       2468 218.866501     62.241     62.637          1    27.1067  56.677868  56.668285     5.2268    23.4245    27.0923    35.9773    6.50015    6.48335 0.0000e+00
       2469 218.866501     62.401     62.679          1    27.1067  56.678471  56.668003     5.2269    23.4249    27.0922    35.9778    6.50013    6.48334 0.0000e+00
       2470 218.866501     62.408     62.719          1    27.1069  56.678780  56.668365     5.2269    23.4248    27.0925    35.9778    6.50011    6.48331 0.0000e+00
       2471 218.866501     62.469     62.756          1    27.1071  56.678524  56.668915     5.2270    23.4245    27.0926    35.9775    6.50010    6.48331 0.0000e+00
       2472 218.866501     62.408     62.792          1    27.1074  56.678898  56.669159     5.2244    23.4244    27.0929    35.9775    6.50007    6.48327 0.0000e+00
       2473 218.866501     62.522     62.827          1    27.1078  56.678757  56.668682     5.2217    23.4240    27.0933    35.9771    6.50004    6.48324 0.0000e+00
       2474 218.866501     62.522     62.861          1    27.1077  56.678722  56.668056     5.2192    23.4241    27.0932    35.9772    6.50005    6.48326 0.0000e+00
       2475 218.866501     62.522     62.894          1    27.1082  56.678799  56.667850     5.2192    23.4237    27.0936    35.9768    6.50001    6.48322 0.0000e+00
       2476 218.866501     62.583     62.927          1    27.1080  56.678875  56.668060     5.2166    23.4238    27.0935    35.9770    6.50002    6.48322 0.0000e+00
       2477 218.866501     62.636     62.960          1    27.1082  56.678837  56.668251     5.2139    23.4237    27.0937    35.9768    6.50001    6.48321 0.0000e+00
       2478 218.866501     62.636     62.991          1    27.1083  56.678818  56.667717     5.2113    23.4235    27.0938    35.9767    6.50000    6.48320 0.0000e+00
       2479 218.866501     62.682     63.022          1    27.1084  56.678528  56.667358     5.2087    23.4233    27.0939    35.9764    6.50000    6.48321 0.0000e+00
       2480 218.866501     62.697     63.053          1    27.1078  56.678432  56.667305     5.2087    23.4238    27.0933    35.9768    6.50005    6.48325 0.0000e+00
       2481 218.866516     62.750     63.083          1    27.1074  56.678371  56.667076     5.2061    23.4241    27.0929    35.9770    6.50008    6.48329 0.0000e+00
       2482 218.866516     62.803     63.112          1    27.1073  56.678589  56.666374     5.2035    23.4243    27.0927    35.9773    6.50009    6.48329 0.0000e+00
       2483 218.866516     62.803     63.139          1    27.1071  56.678604  56.666225     5.2035    23.4245    27.0925    35.9774    6.50010    6.48331 0.0000e+00
       2484 218.866516     62.803     63.166          1    27.1071  56.678413  56.666584     5.2062    23.4244    27.0925    35.9773    6.50011    6.48332 0.0000e+00
       2485 218.866516     62.864     63.192          1    27.1075  56.678879  56.666298     5.2009    23.4243    27.0929    35.9773    6.50007    6.48327 0.0000e+00
       2486 218.866516     62.864     63.217          1    27.1075  56.678234  56.666225     5.2009    23.4240    27.0929    35.9769    6.50008    6.48329 0.0000e+00
       2487 218.866516     62.917     63.242          1    27.1074  56.678375  56.666073     5.2010    23.4241    27.0928    35.9770    6.50008    6.48329 0.0000e+00
       2488 218.866516     62.917     63.265          1    27.1071  56.678219  56.665958     5.2010    23.4243    27.0925    35.9771    6.50011    6.48332 0.0000e+00
       2489 218.866516     62.902     63.288          1    27.1069  56.678474  56.665714     5.2010    23.4246    27.0923    35.9775    6.50013    6.48333 0.0000e+00
       2490 218.866516     62.978     63.312          1    27.1069  56.678295  56.665524     5.2010    23.4245    27.0923    35.9773    6.50013    6.48333 0.0000e+00
       2491 218.866516     62.978     63.335          1    27.1066  56.678493  56.665485     5.2011    23.4249    27.0920    35.9777    6.50015    6.48335 0.0000e+00
       2492 218.866516     62.978     63.358          1    27.1067  56.678238  56.665203     5.1984    23.4246    27.0921    35.9774    6.50015    6.48335 0.0000e+00
       2493 218.866516     62.978     63.382          1    27.1067  56.678005  56.664825     5.1958    23.4245    27.0921    35.9772    6.50015    6.48336 0.0000e+00
       2494 218.866516     63.031     63.407          1    27.1067  56.677677  56.664330     5.1959    23.4243    27.0921    35.9770    6.50016    6.48336 0.0000e+00
       2495 218.866516     63.092     63.433          1    27.1065  56.677990  56.664085     5.1958    23.4247    27.0919    35.9774    6.50017    6.48338 0.0000e+00
       2496 218.866516     63.092     63.458          1    27.1060  56.677773  56.664276     5.1959    23.4250    27.0914    35.9776    6.50022    6.48342 0.0000e+00
       2497 218.866516     63.145     63.484          1    27.1060  56.677834  56.664181     5.1933    23.4250    27.0914    35.9776    6.50021    6.48342 0.0000e+00
       2498 218.866516     63.129     63.509          1    27.1059  56.677891  56.664066     5.1933    23.4251    27.0913    35.9777    6.50022    6.48342 0.0000e+00
       2499 218.866516     63.205     63.534          1    27.1058  56.677891  56.664047     5.1933    23.4252    27.0911    35.9778    6.50023    6.48343 0.0000e+00
       2500 218.866516     63.205     63.558          1    27.1054  56.677715  56.664047     5.1906    23.4255    27.0908    35.9779    6.50026    6.48347 0.0000e+00
       2501 218.866516     63.205     63.582          1    27.1052  56.677250  56.664276     5.1907    23.4254    27.0905    35.9778    6.50029    6.48350 0.0000e+00
       2502 218.866516     63.205     63.607          1    27.1049  56.677235  56.664520     5.1907    23.4257    27.0902    35.9780    6.50032    6.48352 0.0000e+00
       2503 218.866516     63.259     63.633          1    27.1051  56.677216  56.664520     5.1908    23.4255    27.0904    35.9778    6.50031    6.48351 0.0000e+00
       2504 218.866516     63.312     63.659          1    27.1048  56.677021  56.664219     5.1881    23.4256    27.0901    35.9779    6.50033    6.48353 0.0000e+00
       2505 218.866516     63.259     63.686          1    27.1047  56.676437  56.664295     5.1908    23.4254    27.0900    35.9776    6.50036    6.48356 0.0000e+00
       2506 218.866516     63.312     63.715          1    27.1048  56.676327  56.663723     5.1908    23.4252    27.0901    35.9774    6.50035    6.48355 0.0000e+00
