translate/ONIV_025T.cnv
* Sea-Bird SBE 9 Data File:
* FileName = D:\COMISSOES\2009\OCEANO_NORTE_IV\Bruto\ONIV_025.dat
* Software Version Seasave Win32 V 5.37d
* Temperature SN = 2326
* Conductivity SN = 2002
* Number of Bytes Per Scan = 21
* Number of Voltage Words = 1
* Number of Scans Averaged by the Deck Unit = 1
* NMEA Latitude = 02 42.46 N
* NMEA Longitude = 048 13.48 W
* NMEA UTC (Time) = 07:29:37
** H40
** NOc ANTARES
** 204
** OCEANO N IV
**   025
**   02 42.40N
**   048 13.51 W
**   28/07/2009 07:27Z
**   96
** 9P46375-0881
**   1T JUAREZ
# nquan = 15                                
# nvalues = 8851                        
# units = specified
# name 0 = scan: Scan Count
# name 1 = timeJ: Julian Days
# name 2 = depSM: Depth [salt water, m]
# name 3 = prDM: Pressure, Digiquartz [db]
# name 4 = pumps: Pump Status
# name 5 = t090C: Temperature [ITS-90, deg C]
# name 6 = c0mS/cm: Conductivity [mS/cm]
# name 7 = c1mS/cm: Conductivity, 2 [mS/cm]
# name 8 = sbeox0Mg/L: Oxygen, SBE 43 [mg/l]
# name 9 = sigma-é00: Density [sigma-theta, kg/m^3]
# name 10 = potemp090C: Potential Temperature [ITS-90, deg C]
# name 11 = sal00: Salinity, Practical [PSU]
# name 12 = oxsolMg/L: Oxygen Saturation, Garcia & Gordon [mg/l]
# name 13 = oxsatMg/L: Oxygen Saturation, Weiss [mg/l]
# name 14 = flag: flag
# span 0 =          1,       8851       
# span 1 = 209.310089, 209.314362       
# span 2 =     -0.062,     81.013       
# span 3 =      0.040,     81.397       
# span 4 =          1,          1       
# span 5 =    24.6223,    28.5647       
# span 6 =  41.384792,  57.265739       
# span 7 =  41.597500,  57.257488       
# span 8 =     5.6778,     7.1379       
# span 9 =    14.3823,    24.2069       
# span 10 =    24.6048,    28.5646      
# span 11 =    24.5525,    36.1393      
# span 12 =    6.41989,    6.77804      
# span 13 =    6.40326,    6.76130      
# span 14 = 0.0000e+00, 0.0000e+00      
# interval = seconds: 0.0416667
# start_time = Jul 28 2009 07:26:32 [System UpLoad Time]
# bad_flag = -9.990e-29
*END*
[from data line 7037]
       7038 209.313492     23.231     23.387          1    27.4207  56.860294  56.852768     5.9826    23.2452    27.4153    35.8776    6.47024    6.45350 0.0000e+00
       7039 209.313492     22.783     23.313          1    27.4211  56.860371  56.854053     5.9800    23.2450    27.4156    35.8774    6.47021    6.45347 0.0000e+00
       7040 209.313492     23.360     23.245          1    27.4217  56.861149  56.855022     5.9800    23.2448    27.4163    35.8774    6.47014    6.45340 0.0000e+00
       7041 209.313492     23.124     23.174          1    27.4221  56.862213  56.855286     5.9800    23.2450    27.4168    35.8779    6.47007    6.45333 0.0000e+00
       7042 209.313492     23.064     23.099          1    27.4229  56.862892  56.855820     5.9800    23.2447    27.4175    35.8778    6.47000    6.45326 0.0000e+00
       7043 209.313492     22.836     23.021          1    27.4240  56.864189  56.856728     5.9799    23.2444    27.4186    35.8779    6.46987    6.45314 0.0000e+00
       7044 209.313492     22.798     22.944          1    27.4251  56.865215  56.858170     5.9747    23.2440    27.4198    35.8778    6.46976    6.45302 0.0000e+00
       7045 209.313492     22.730     22.868          1    27.4264  56.866592  56.859764     5.9746    23.2435    27.4211    35.8778    6.46962    6.45289 0.0000e+00
       7046 209.313492     22.616     22.793          1    27.4273  56.869137  56.861927     5.9744    23.2441    27.4220    35.8789    6.46948    6.45275 0.0000e+00
       7047 209.313492     22.616     22.718          1    27.4284  56.872643  56.865650     5.9744    23.2450    27.4231    35.8806    6.46931    6.45257 0.0000e+00
       7048 209.313492     22.517     22.644          1    27.4306  56.876598  56.869991     5.9744    23.2451    27.4254    35.8817    6.46903    6.45229 0.0000e+00
       7049 209.313492     22.502     22.569          1    27.4336  56.880512  56.873650     5.9717    23.2446    27.4283    35.8823    6.46870    6.45196 0.0000e+00
       7050 209.313492     22.328     22.493          1    27.4365  56.884274  56.876667     5.9716    23.2439    27.4313    35.8827    6.46837    6.45163 0.0000e+00
       7051 209.313492     22.275     22.418          1    27.4395  56.886944  56.878693     5.9743    23.2427    27.4343    35.8824    6.46806    6.45133 0.0000e+00
       7052 209.313492     22.229     22.343          1    27.4423  56.888687  56.881351     5.9767    23.2411    27.4371    35.8815    6.46780    6.45107 0.0000e+00
       7053 209.313492     22.108     22.268          1    27.4449  56.891171  56.883965     5.9766    23.2401    27.4397    35.8813    6.46753    6.45080 0.0000e+00
       7054 209.313492     22.047     22.195          1    27.4469  56.893551  56.886299     5.9791    23.2396    27.4417    35.8815    6.46731    6.45058 0.0000e+00
       7055 209.313492     21.994     22.122          1    27.4487  56.895744  56.887947     5.9790    23.2391    27.4436    35.8816    6.46711    6.45038 0.0000e+00
       7056 209.313492     21.781     22.052          1    27.4506  56.897564  56.890244     5.9789    23.2384    27.4454    35.8815    6.46692    6.45019 0.0000e+00
       7057 209.313492     21.766     21.986          1    27.4524  56.899326  56.892483     5.9787    23.2377    27.4473    35.8814    6.46672    6.45000 0.0000e+00
       7058 209.313492     21.766     21.924          1    27.4535  56.901169  56.894150     5.9786    23.2377    27.4484    35.8819    6.46659    6.44986 0.0000e+00
       7059 209.313492     21.827     21.863          1    27.4552  56.902504  56.896011     5.9785    23.2370    27.4501    35.8816    6.46643    6.44970 0.0000e+00
       7060 209.313492     21.652     21.801          1    27.4567  56.904251  56.898327     5.9810    23.2366    27.4516    35.8817    6.46626    6.44954 0.0000e+00
       7061 209.313492     21.615     21.738          1    27.4580  56.905430  56.900185     5.9810    23.2360    27.4529    35.8815    6.46613    6.44940 0.0000e+00
       7062 209.313492     21.539     21.676          1    27.4591  56.904964  56.900883     5.9811    23.2348    27.4540    35.8804    6.46606    6.44933 0.0000e+00
       7063 209.313492     21.425     21.615          1    27.4604  56.903973  56.901379     5.9812    23.2331    27.4553    35.8787    6.46598    6.44925 0.0000e+00
       7064 209.313492     21.425     21.556          1    27.4609  56.904072  56.903389     5.9839    23.2327    27.4559    35.8784    6.46593    6.44920 0.0000e+00
       7065 209.313492     21.273     21.499          1    27.4600  56.905411  56.905609     5.9864    23.2342    27.4550    35.8800    6.46597    6.44924 0.0000e+00
       7066 209.313507     21.319     21.445          1    27.4594  56.906921  56.908592     5.9835    23.2356    27.4544    35.8816    6.46597    6.44925 0.0000e+00
       7067 209.313507     21.144     21.394          1    27.4606  56.909969  56.911339     5.9836    23.2362    27.4556    35.8829    6.46581    6.44908 0.0000e+00
       7068 209.313507     21.205     21.345          1    27.4617  56.914528  56.914032     5.9839    23.2376    27.4568    35.8852    6.46560    6.44887 0.0000e+00
       7069 209.313507     21.144     21.299          1    27.4635  56.918835  56.915512     5.9840    23.2383    27.4585    35.8870    6.46535    6.44862 0.0000e+00
       7070 209.313507     21.106     21.255          1    27.4665  56.920261  56.916687     5.9866    23.2364    27.4615    35.8857    6.46508    6.44835 0.0000e+00
       7071 209.313507     21.091     21.211          1    27.4696  56.922726  56.918476     5.9893    23.2349    27.4647    35.8851    6.46477    6.44804 0.0000e+00
       7072 209.313507     20.977     21.169          1    27.4713  56.927227  56.922329     5.9893    23.2358    27.4663    35.8870    6.46452    6.44780 0.0000e+00
       7073 209.313507     21.030     21.128          1    27.4724  56.932076  56.927094     5.9919    23.2374    27.4674    35.8896    6.46431    6.44759 0.0000e+00
       7074 209.313507     20.863     21.088          1    27.4755  56.936768  56.931267     5.9918    23.2371    27.4706    35.8905    6.46394    6.44722 0.0000e+00
       7075 209.313507     20.939     21.051          1    27.4792  56.939266  56.935387     5.9915    23.2351    27.4743    35.8895    6.46359    6.44687 0.0000e+00
       7076 209.313507     20.810     21.015          1    27.4830  56.940468  56.938190     5.9938    23.2323    27.4781    35.8874    6.46325    6.44654 0.0000e+00
       7077 209.313507     20.863     20.982          1    27.4851  56.942524  56.939686     5.9961    23.2315    27.4802    35.8873    6.46304    6.44632 0.0000e+00
       7078 209.313507     20.810     20.950          1    27.4862  56.946735  56.940731     5.9934    23.2328    27.4813    35.8894    6.46284    6.44612 0.0000e+00
       7079 209.313507     20.750     20.919          1    27.4875  56.949856  56.941891     5.9958    23.2333    27.4826    35.8907    6.46266    6.44594 0.0000e+00
       7080 209.313507     20.712     20.890          1    27.4903  56.951832  56.943275     5.9956    23.2318    27.4854    35.8900    6.46239    6.44567 0.0000e+00
       7081 209.313507     20.696     20.863          1    27.4930  56.953381  56.943062     5.9979    23.2302    27.4882    35.8890    6.46214    6.44542 0.0000e+00
       7082 209.313507     20.696     20.839          1    27.4945  56.954216  56.941788     6.0000    23.2294    27.4896    35.8885    6.46200    6.44529 0.0000e+00
       7083 209.313507     20.636     20.816          1    27.4960  56.954777  56.939888     5.9997    23.2283    27.4911    35.8877    6.46187    6.44515 0.0000e+00
       7084 209.313507     20.636     20.796          1    27.4966  56.955784  56.934982     5.9996    23.2283    27.4917    35.8880    6.46180    6.44508 0.0000e+00
       7085 209.313507     20.651     20.777          1    27.4971  56.956249  56.930908     6.0021    23.2281    27.4923    35.8879    6.46174    6.44503 0.0000e+00
       7086 209.313507     20.583     20.760          1    27.4984  56.955315  56.933067     6.0018    23.2264    27.4936    35.8862    6.46166    6.44495 0.0000e+00
       7087 209.313507     20.636     20.744          1    27.4987  56.954929  56.937550     5.9988    23.2260    27.4938    35.8858    6.46165    6.44494 0.0000e+00
       7088 209.313507     20.583     20.729          1    27.4982  56.954498  56.942406     6.0011    23.2261    27.4934    35.8858    6.46170    6.44499 0.0000e+00
       7089 209.313507     20.583     20.715          1    27.4977  56.954601  56.948029     6.0006    23.2267    27.4929    35.8863    6.46174    6.44502 0.0000e+00
       7090 209.313507     20.484     20.702          1    27.4975  56.957596  56.952736     6.0003    23.2285    27.4927    35.8886    6.46168    6.44496 0.0000e+00
       7091 209.313507     20.583     20.692          1    27.4974  56.959198  56.956604     6.0028    23.2294    27.4925    35.8898    6.46164    6.44493 0.0000e+00
       7092 209.313507     20.522     20.684          1    27.4991  56.958420  56.959812     6.0027    23.2274    27.4943    35.8879    6.46153    6.44481 0.0000e+00
       7093 209.313507     20.583     20.676          1    27.5004  56.956573  56.963474     5.9999    23.2253    27.4956    35.8856    6.46147    6.44476 0.0000e+00
       7094 209.313507     20.469     20.669          1    27.5004  56.953800  56.965748     5.9997    23.2238    27.4956    35.8836    6.46154    6.44483 0.0000e+00
       7095 209.313507     20.598     20.664          1    27.4995  56.952698  56.966125     5.9995    23.2240    27.4947    35.8836    6.46164    6.44493 0.0000e+00
       7096 209.313507     20.522     20.658          1    27.4972  56.952347  56.964680     5.9993    23.2259    27.4924    35.8851    6.46183    6.44512 0.0000e+00
       7097 209.313507     20.469     20.653          1    27.4945  56.952507  56.964321     5.9991    23.2284    27.4897    35.8872    6.46204    6.44532 0.0000e+00
       7098 209.313522     20.522     20.650          1    27.4938  56.953983  56.966072     5.9989    23.2299    27.4890    35.8889    6.46206    6.44534 0.0000e+00
       7099 209.313522     20.522     20.649          1    27.4943  56.955086  56.969036     5.9962    23.2300    27.4895    35.8892    6.46199    6.44527 0.0000e+00
       7100 209.313522     20.545     20.647          1    27.4959  56.953838  56.971195     5.9987    23.2279    27.4911    35.8871    6.46190    6.44518 0.0000e+00
       7101 209.313522     20.522     20.646          1    27.4973  56.952599  56.971935     5.9985    23.2260    27.4925    35.8852    6.46182    6.44511 0.0000e+00
       7102 209.313522     20.469     20.645          1    27.4960  56.955444  56.971230     5.9982    23.2287    27.4912    35.8882    6.46185    6.44513 0.0000e+00
       7103 209.313522     20.522     20.646          1    27.4953  56.961655  56.970451     6.0002    23.2326    27.4905    35.8932    6.46175    6.44503 0.0000e+00
       7104 209.313522     20.522     20.648          1    27.4962  56.965351  56.969711     5.9972    23.2338    27.4914    35.8951    6.46158    6.44486 0.0000e+00
       7105 209.313522     20.545     20.650          1    27.5000  56.965710  56.969582     5.9966    23.2306    27.4951    35.8925    6.46127    6.44456 0.0000e+00
       7106 209.313522     20.522     20.652          1    27.5030  56.964275  56.969711     5.9983    23.2270    27.4982    35.8891    6.46107    6.44436 0.0000e+00
       7107 209.313522     20.522     20.655          1    27.5040  56.963017  56.969978     5.9971    23.2255    27.4991    35.8875    6.46103    6.44432 0.0000e+00
       7108 209.313522     20.522     20.659          1    27.5040  56.962864  56.970684     5.9961    23.2255    27.4991    35.8874    6.46103    6.44432 0.0000e+00
       7109 209.313522     20.636     20.662          1    27.5035  56.962902  56.971062     5.9950    23.2259    27.4987    35.8878    6.46107    6.44436 0.0000e+00
       7110 209.313522     20.545     20.663          1    27.5032  56.963253  56.971916     5.9937    23.2263    27.4984    35.8882    6.46108    6.44437 0.0000e+00
       7111 209.313522     20.522     20.664          1    27.5034  56.963718  56.971897     5.9951    23.2264    27.4986    35.8884    6.46106    6.44434 0.0000e+00
       7112 209.313522     20.583     20.666          1    27.5036  56.963135  56.971630     5.9943    23.2259    27.4988    35.8878    6.46106    6.44434 0.0000e+00
       7113 209.313522     20.583     20.666          1    27.5040  56.964127  56.971573     5.9937    23.2261    27.4992    35.8882    6.46100    6.44429 0.0000e+00
       7114 209.313522     20.522     20.666          1    27.5038  56.965637  56.971573     5.9931    23.2271    27.4990    35.8895    6.46098    6.44426 0.0000e+00
       7115 209.313522     20.545     20.666          1    27.5038  56.967579  56.971291     5.9927    23.2281    27.4990    35.8909    6.46093    6.44421 0.0000e+00
       7116 209.313522     20.582     20.666          1    27.5043  56.969440  56.970337     5.9951    23.2286    27.4995    35.8918    6.46084    6.44412 0.0000e+00
       7117 209.313522     20.582     20.666          1    27.5057  56.970058  56.969254     5.9922    23.2278    27.5008    35.8912    6.46072    6.44401 0.0000e+00
       7118 209.313522     20.522     20.664          1    27.5069  56.970116  56.969849     5.9945    23.2267    27.5021    35.8903    6.46062    6.44391 0.0000e+00
       7119 209.313522     20.582     20.663          1    27.5075  56.970234  56.971558     5.9918    23.2262    27.5027    35.8899    6.46057    6.44386 0.0000e+00
       7120 209.313522     20.598     20.661          1    27.5077  56.970680  56.972942     5.9943    23.2263    27.5029    35.8901    6.46054    6.44383 0.0000e+00
       7121 209.313522     20.582     20.656          1    27.5079  56.971226  56.973415     5.9942    23.2264    27.5031    35.8903    6.46051    6.44380 0.0000e+00
       7122 209.313522     20.522     20.651          1    27.5084  56.972874  56.973988     5.9968    23.2268    27.5036    35.8911    6.46043    6.44372 0.0000e+00
       7123 209.313522     20.582     20.644          1    27.5088  56.974777  56.974327     5.9967    23.2275    27.5040    35.8922    6.46035    6.44364 0.0000e+00
       7124 209.313522     20.522     20.637          1    27.5095  56.976402  56.975182     5.9966    23.2277    27.5047    35.8928    6.46025    6.44354 0.0000e+00
       7125 209.313522     20.545     20.628          1    27.5116  56.977428  56.975731     5.9965    23.2264    27.5067    35.8919    6.46006    6.44336 0.0000e+00
       7126 209.313522     20.582     20.618          1    27.5125  56.978691  56.975826     5.9939    23.2262    27.5077    35.8921    6.45996    6.44325 0.0000e+00
       7127 209.313522     20.522     20.606          1    27.5130  56.981487  56.975826     5.9965    23.2273    27.5082    35.8937    6.45985    6.44314 0.0000e+00
       7128 209.313522     20.522     20.592          1    27.5138  56.983112  56.976341     5.9989    23.2274    27.5090    35.8942    6.45974    6.44304 0.0000e+00
       7129 209.313538     20.469     20.576          1    27.5154  56.983032  56.977478     5.9989    23.2259    27.5106    35.8929    6.45962    6.44291 0.0000e+00
       7130 209.313538     20.484     20.560          1    27.5165  56.983036  56.978600     5.9986    23.2249    27.5117    35.8921    6.45953    6.44282 0.0000e+00
       7131 209.313538     20.416     20.542          1    27.5173  56.983307  56.979774     6.0010    23.2244    27.5125    35.8917    6.45946    6.44276 0.0000e+00
       7132 209.313538     20.355     20.525          1    27.5174  56.983032  56.980080     6.0007    23.2241    27.5127    35.8914    6.45946    6.44275 0.0000e+00
