translate/ONIV_007T.cnv
* Sea-Bird SBE 9 Data File:
* FileName = D:\COMISSOES\2009\OCEANO_NORTE_IV\Bruto\ONIV_007.dat
* Software Version Seasave Win32 V 5.37d
* Temperature SN = 2326
* Conductivity SN = 2002
* Number of Bytes Per Scan = 21
* Number of Voltage Words = 1
* Number of Scans Averaged by the Deck Unit = 1
* NMEA Latitude = 04 06.56 N
* NMEA Longitude = 050 34.33 W
* NMEA UTC (Time) = 17:27:38
** H40
** NOc ANTARES
** 204
** OCEANO N IV
**   007
**   04 06.40 N
**   050 34.32 W
**   06/08/09 17:20
** 9P46375-0881
**   1T JORGE LUIZ
# nquan = 15                                
# nvalues = 9537                        
# units = specified
# name 0 = scan: Scan Count
# name 1 = timeJ: Julian Days
# name 2 = depSM: Depth [salt water, m]
# name 3 = prDM: Pressure, Digiquartz [db]
# name 4 = pumps: Pump Status
# name 5 = t090C: Temperature [ITS-90, deg C]
# name 6 = c0mS/cm: Conductivity [mS/cm]
# name 7 = c1mS/cm: Conductivity, 2 [mS/cm]
# name 8 = sbeox0Mg/L: Oxygen, SBE 43 [mg/l]
# name 9 = sigma-é00: Density [sigma-theta, kg/m^3]
# name 10 = potemp090C: Potential Temperature [ITS-90, deg C]
# name 11 = sal00: Salinity, Practical [PSU]
# name 12 = oxsolMg/L: Oxygen Saturation, Garcia & Gordon [mg/l]
# name 13 = oxsatMg/L: Oxygen Saturation, Weiss [mg/l]
# name 14 = flag: flag
# span 0 =          1,       9537       
# span 1 = 218.725189, 218.729797       
# span 2 =     -0.597,     59.496       
# span 3 =     -0.518,     59.717       
# span 4 =          1,          1       
# span 5 =    26.5942,    28.7042       
# span 6 =  33.750744,  57.044971       
# span 7 =  33.761112,  57.030491       
# span 8 =     3.8150,     8.3161       
# span 9 =    10.6040,    23.6230       
# span 10 =    26.5809,    28.7018      
# span 11 =    19.5464,    36.0345      
# span 12 =    6.41939,    6.95780      
# span 13 =    6.40278,    6.93865      
# span 14 = 0.0000e+00, 0.0000e+00      
# interval = seconds: 0.0416667
# start_time = Aug 06 2009 17:24:17 [System UpLoad Time]
# bad_flag = -9.990e-29
*END*
[from data line 7229]
       7230 218.728683     38.832     38.999          1    27.1358  56.617336  56.602757     4.9122    23.3694    27.1268    35.9188    6.49917    6.48236 0.0000e+00
       7231 218.728683     38.718     38.944          1    27.1359  56.617508  56.603516     4.9122    23.3694    27.1269    35.9189    6.49915    6.48235 0.0000e+00
       7232 218.728683     38.665     38.888          1    27.1362  56.617004  56.603226     4.9096    23.3689    27.1272    35.9184    6.49914    6.48234 0.0000e+00
       7233 218.728683     38.658     38.831          1    27.1364  56.616890  56.603416     4.9122    23.3686    27.1274    35.9181    6.49913    6.48233 0.0000e+00
       7234 218.728683     38.551     38.774          1    27.1369  56.617550  56.603359     4.9122    23.3685    27.1280    35.9182    6.49907    6.48227 0.0000e+00
       7235 218.728683     38.551     38.716          1    27.1373  56.617699  56.603302     4.9123    23.3683    27.1283    35.9181    6.49904    6.48224 0.0000e+00
       7236 218.728683     38.438     38.657          1    27.1376  56.617565  56.603020     4.9122    23.3680    27.1286    35.9178    6.49902    6.48222 0.0000e+00
       7237 218.728683     38.384     38.597          1    27.1380  56.618343  56.603149     4.9123    23.3679    27.1291    35.9180    6.49896    6.48216 0.0000e+00
       7238 218.728683     38.377     38.536          1    27.1384  56.618317  56.603340     4.9123    23.3676    27.1295    35.9177    6.49893    6.48213 0.0000e+00
       7239 218.728683     38.271     38.475          1    27.1388  56.617813  56.603378     4.9149    23.3670    27.1299    35.9171    6.49891    6.48211 0.0000e+00
       7240 218.728683     38.210     38.412          1    27.1390  56.617798  56.603378     4.9175    23.3668    27.1301    35.9169    6.49889    6.48209 0.0000e+00
       7241 218.728683     38.149     38.348          1    27.1397  56.618240  56.603374     4.9150    23.3665    27.1308    35.9167    6.49883    6.48203 0.0000e+00
       7242 218.728683     38.096     38.284          1    27.1399  56.618198  56.603374     4.9149    23.3663    27.1310    35.9166    6.49881    6.48201 0.0000e+00
       7243 218.728683     37.982     38.219          1    27.1402  56.618027  56.603603     4.9150    23.3659    27.1314    35.9162    6.49879    6.48199 0.0000e+00
       7244 218.728683     37.929     38.154          1    27.1412  56.618279  56.603680     4.9150    23.3652    27.1324    35.9156    6.49871    6.48191 0.0000e+00
       7245 218.728683     37.868     38.090          1    27.1418  56.618431  56.603508     4.9150    23.3647    27.1330    35.9153    6.49865    6.48185 0.0000e+00
       7246 218.728683     37.815     38.027          1    27.1428  56.618450  56.603394     4.9123    23.3638    27.1340    35.9146    6.49857    6.48177 0.0000e+00
       7247 218.728699     37.701     37.963          1    27.1439  56.618683  56.603600     4.9123    23.3629    27.1352    35.9139    6.49848    6.48168 0.0000e+00
       7248 218.728699     37.701     37.901          1    27.1443  56.618641  56.603504     4.9097    23.3626    27.1355    35.9136    6.49845    6.48165 0.0000e+00
       7249 218.728699     37.588     37.840          1    27.1455  56.618546  56.603394     4.9097    23.3614    27.1368    35.9126    6.49835    6.48155 0.0000e+00
       7250 218.728699     37.535     37.779          1    27.1460  56.618469  56.603600     4.9124    23.3610    27.1372    35.9122    6.49832    6.48152 0.0000e+00
       7251 218.728699     37.535     37.719          1    27.1467  56.618214  56.604015     4.9098    23.3602    27.1380    35.9115    6.49827    6.48147 0.0000e+00
       7252 218.728699     37.474     37.659          1    27.1474  56.618256  56.603958     4.9098    23.3596    27.1387    35.9110    6.49821    6.48141 0.0000e+00
       7253 218.728699     37.368     37.598          1    27.1478  56.618176  56.604240     4.9072    23.3592    27.1391    35.9106    6.49818    6.48138 0.0000e+00
       7254 218.728699     37.307     37.538          1    27.1487  56.618313  56.604073     4.9071    23.3585    27.1400    35.9100    6.49810    6.48130 0.0000e+00
       7255 218.728699     37.254     37.478          1    27.1490  56.618427  56.603863     4.9098    23.3583    27.1403    35.9099    6.49808    6.48128 0.0000e+00
       7256 218.728699     37.254     37.419          1    27.1496  56.618446  56.603825     4.9071    23.3577    27.1410    35.9095    6.49803    6.48123 0.0000e+00
       7257 218.728699     37.079     37.359          1    27.1500  56.618679  56.603825     4.9072    23.3575    27.1413    35.9094    6.49799    6.48119 0.0000e+00
       7258 218.728699     37.140     37.300          1    27.1503  56.618347  56.603825     4.9098    23.3570    27.1417    35.9089    6.49797    6.48117 0.0000e+00
       7259 218.728699     36.965     37.241          1    27.1505  56.618038  56.603825     4.9098    23.3567    27.1419    35.9085    6.49796    6.48116 0.0000e+00
       7260 218.728699     36.912     37.184          1    27.1505  56.618271  56.603539     4.9124    23.3569    27.1419    35.9087    6.49796    6.48116 0.0000e+00
       7261 218.728699     36.965     37.129          1    27.1505  56.618484  56.603615     4.9124    23.3570    27.1420    35.9089    6.49795    6.48115 0.0000e+00
       7262 218.728699     36.798     37.074          1    27.1509  56.618462  56.603500     4.9125    23.3566    27.1423    35.9086    6.49792    6.48112 0.0000e+00
       7263 218.728699     36.798     37.020          1    27.1509  56.618210  56.603558     4.9177    23.3565    27.1424    35.9084    6.49793    6.48113 0.0000e+00
       7264 218.728699     36.745     36.968          1    27.1507  56.618019  56.603706     4.9151    23.3566    27.1422    35.9085    6.49795    6.48115 0.0000e+00
       7265 218.728699     36.631     36.916          1    27.1505  56.617977  56.603233     4.9177    23.3567    27.1420    35.9086    6.49796    6.48116 0.0000e+00
       7266 218.728699     36.685     36.867          1    27.1509  56.617977  56.603176     4.9177    23.3564    27.1424    35.9083    6.49793    6.48113 0.0000e+00
       7267 218.728699     36.578     36.818          1    27.1509  56.617744  56.603329     4.9177    23.3563    27.1424    35.9082    6.49794    6.48114 0.0000e+00
       7268 218.728699     36.518     36.769          1    27.1513  56.617611  56.603367     4.9177    23.3559    27.1428    35.9078    6.49791    6.48111 0.0000e+00
       7269 218.728699     36.464     36.723          1    27.1513  56.617767  56.603592     4.9204    23.3560    27.1428    35.9079    6.49791    6.48111 0.0000e+00
       7270 218.728699     36.457     36.679          1    27.1518  56.617184  56.603497     4.9230    23.3552    27.1434    35.9071    6.49788    6.48108 0.0000e+00
       7271 218.728699     36.404     36.636          1    27.1520  56.617439  56.602814     4.9257    23.3552    27.1435    35.9072    6.49786    6.48106 0.0000e+00
       7272 218.728699     36.343     36.594          1    27.1522  56.617882  56.602665     4.9256    23.3553    27.1437    35.9074    6.49783    6.48103 0.0000e+00
       7273 218.728699     36.290     36.554          1    27.1522  56.617512  56.603252     4.9283    23.3550    27.1438    35.9071    6.49784    6.48104 0.0000e+00
       7274 218.728699     36.290     36.516          1    27.1522  56.617649  56.602871     4.9282    23.3551    27.1438    35.9072    6.49783    6.48103 0.0000e+00
       7275 218.728699     36.237     36.480          1    27.1526  56.617687  56.602684     4.9282    23.3548    27.1441    35.9069    6.49780    6.48100 0.0000e+00
       7276 218.728699     36.176     36.445          1    27.1524  56.617260  56.602795     4.9282    23.3548    27.1440    35.9068    6.49783    6.48103 0.0000e+00
       7277 218.728699     36.184     36.413          1    27.1527  56.617592  56.602551     4.9309    23.3546    27.1443    35.9068    6.49779    6.48099 0.0000e+00
       7278 218.728699     36.123     36.382          1    27.1527  56.617393  56.602398     4.9308    23.3545    27.1443    35.9066    6.49780    6.48100 0.0000e+00
       7279 218.728714     36.123     36.353          1    27.1531  56.617393  56.602894     4.9308    23.3542    27.1447    35.9064    6.49777    6.48097 0.0000e+00
       7280 218.728714     36.070     36.326          1    27.1533  56.617550  56.602947     4.9308    23.3541    27.1449    35.9063    6.49775    6.48095 0.0000e+00
       7281 218.728714     36.009     36.301          1    27.1529  56.617004  56.603134     4.9335    23.3541    27.1446    35.9062    6.49779    6.48099 0.0000e+00
       7282 218.728714     36.070     36.279          1    27.1527  56.616638  56.602753     4.9334    23.3541    27.1444    35.9061    6.49782    6.48102 0.0000e+00
       7283 218.728714     36.009     36.259          1    27.1524  56.616817  56.602604     4.9334    23.3546    27.1440    35.9065    6.49784    6.48104 0.0000e+00
       7284 218.728714     35.956     36.240          1    27.1522  56.617008  56.602493     4.9334    23.3548    27.1438    35.9068    6.49785    6.48105 0.0000e+00
       7285 218.728714     36.009     36.224          1    27.1522  56.617279  56.602398     4.9308    23.3550    27.1438    35.9070    6.49784    6.48104 0.0000e+00
       7286 218.728714     36.009     36.209          1    27.1522  56.617474  56.602604     4.9308    23.3551    27.1438    35.9072    6.49783    6.48104 0.0000e+00
       7287 218.728714     35.948     36.194          1    27.1518  56.617279  56.602512     4.9334    23.3553    27.1435    35.9073    6.49787    6.48107 0.0000e+00
       7288 218.728714     35.956     36.181          1    27.1524  56.617085  56.602623     4.9334    23.3547    27.1440    35.9068    6.49783    6.48103 0.0000e+00
       7289 218.728714     35.948     36.168          1    27.1527  56.617336  56.602795     4.9308    23.3545    27.1444    35.9067    6.49780    6.48100 0.0000e+00
       7290 218.728714     35.895     36.157          1    27.1527  56.617199  56.602833     4.9334    23.3544    27.1444    35.9066    6.49780    6.48100 0.0000e+00
       7291 218.728714     35.948     36.148          1    27.1533  56.617065  56.602833     4.9333    23.3539    27.1450    35.9060    6.49776    6.48096 0.0000e+00
       7292 218.728714     35.895     36.139          1    27.1539  56.617104  56.603004     4.9334    23.3534    27.1455    35.9056    6.49771    6.48091 0.0000e+00
       7293 218.728714     35.835     36.132          1    27.1540  56.617065  56.602947     4.9307    23.3532    27.1457    35.9055    6.49770    6.48090 0.0000e+00
       7294 218.728714     35.956     36.128          1    27.1542  56.617046  56.602337     4.9333    23.3530    27.1459    35.9053    6.49768    6.48089 0.0000e+00
       7295 218.728714     35.842     36.125          1    27.1544  56.616753  56.602207     4.9333    23.3527    27.1461    35.9050    6.49768    6.48088 0.0000e+00
       7296 218.728714     35.895     36.123          1    27.1546  56.616890  56.602341     4.9333    23.3526    27.1462    35.9049    6.49766    6.48086 0.0000e+00
       7297 218.728714     35.956     36.123          1    27.1546  56.617027  56.602379     4.9333    23.3527    27.1463    35.9050    6.49766    6.48086 0.0000e+00
       7298 218.728714     35.835     36.122          1    27.1550  56.617569  56.602890     4.9359    23.3526    27.1466    35.9051    6.49761    6.48081 0.0000e+00
       7299 218.728714     35.895     36.124          1    27.1548  56.617161  56.602947     4.9332    23.3526    27.1464    35.9050    6.49764    6.48084 0.0000e+00
       7300 218.728714     35.895     36.128          1    27.1550  56.617203  56.602852     4.9332    23.3524    27.1466    35.9049    6.49762    6.48082 0.0000e+00
       7301 218.728714     35.895     36.132          1    27.1550  56.617218  56.602833     4.9332    23.3524    27.1466    35.9049    6.49762    6.48082 0.0000e+00
       7302 218.728714     35.948     36.138          1    27.1549  56.617317  56.602718     4.9331    23.3525    27.1466    35.9050    6.49762    6.48082 0.0000e+00
       7303 218.728714     35.895     36.145          1    27.1548  56.617764  56.602512     4.9358    23.3529    27.1464    35.9054    6.49762    6.48082 0.0000e+00
       7304 218.728714     35.948     36.152          1    27.1551  56.617432  56.602623     4.9357    23.3524    27.1468    35.9049    6.49760    6.48080 0.0000e+00
       7305 218.728714     35.956     36.160          1    27.1550  56.617393  56.603081     4.9357    23.3525    27.1466    35.9050    6.49762    6.48082 0.0000e+00
       7306 218.728714     35.895     36.168          1    27.1550  56.617550  56.602985     4.9357    23.3526    27.1466    35.9051    6.49761    6.48081 0.0000e+00
       7307 218.728714     36.009     36.178          1    27.1551  56.617237  56.603134     4.9356    23.3523    27.1468    35.9047    6.49761    6.48081 0.0000e+00
       7308 218.728714     35.895     36.189          1    27.1549  56.617065  56.603325     4.9330    23.3524    27.1466    35.9048    6.49763    6.48083 0.0000e+00
       7309 218.728714     36.009     36.201          1    27.1551  56.617573  56.603363     4.9356    23.3525    27.1468    35.9050    6.49760    6.48080 0.0000e+00
       7310 218.728714     36.009     36.214          1    27.1551  56.617916  56.603024     4.9355    23.3527    27.1468    35.9052    6.49759    6.48079 0.0000e+00
       7311 218.728729     36.070     36.226          1    27.1550  56.618210  56.603134     4.9355    23.3530    27.1466    35.9055    6.49760    6.48080 0.0000e+00
       7312 218.728729     36.009     36.238          1    27.1550  56.617645  56.603153     4.9355    23.3527    27.1466    35.9051    6.49761    6.48081 0.0000e+00
       7313 218.728729     36.123     36.249          1    27.1551  56.617432  56.602966     4.9354    23.3524    27.1468    35.9049    6.49761    6.48081 0.0000e+00
       7314 218.728729     36.009     36.259          1    27.1549  56.617493  56.602852     4.9327    23.3526    27.1465    35.9050    6.49762    6.48082 0.0000e+00
       7315 218.728729     36.062     36.269          1    27.1550  56.617279  56.602833     4.9327    23.3525    27.1466    35.9049    6.49762    6.48082 0.0000e+00
       7316 218.728729     36.070     36.279          1    27.1548  56.617844  56.603115     4.9327    23.3529    27.1464    35.9054    6.49762    6.48082 0.0000e+00
       7317 218.728729     36.062     36.291          1    27.1550  56.618343  56.603554     4.9327    23.3530    27.1466    35.9056    6.49759    6.48080 0.0000e+00
       7318 218.728729     36.070     36.303          1    27.1551  56.617683  56.603779     4.9326    23.3525    27.1467    35.9050    6.49760    6.48080 0.0000e+00
       7319 218.728729     36.123     36.316          1    27.1551  56.617668  56.603535     4.9326    23.3525    27.1467    35.9050    6.49760    6.48080 0.0000e+00
       7320 218.728729     36.123     36.329          1    27.1548  56.617920  56.603611     4.9325    23.3530    27.1464    35.9055    6.49762    6.48082 0.0000e+00
       7321 218.728729     36.123     36.342          1    27.1549  56.618210  56.603779     4.9351    23.3530    27.1465    35.9055    6.49760    6.48080 0.0000e+00
       7322 218.728729     36.184     36.355          1    27.1550  56.618168  56.603416     4.9350    23.3529    27.1466    35.9055    6.49760    6.48080 0.0000e+00
       7323 218.728729     36.176     36.367          1    27.1548  56.618015  56.603004     4.9324    23.3530    27.1464    35.9055    6.49762    6.48082 0.0000e+00
       7324 218.728729     36.184     36.379          1    27.1550  56.617977  56.603138     4.9350    23.3528    27.1466    35.9053    6.49761    6.48081 0.0000e+00
       7325 218.728729     36.290     36.389          1    27.1548  56.618034  56.603325     4.9350    23.3530    27.1464    35.9055    6.49762    6.48082 0.0000e+00
