translate/ONIV_024T.cnv
* Sea-Bird SBE 9 Data File:
* FileName = D:\COMISSOES\2009\OCEANO_NORTE_IV\Bruto\ONIV_024.dat
* Software Version Seasave Win32 V 5.37d
* Temperature SN = 2326
* Conductivity SN = 2002
* Number of Bytes Per Scan = 21
* Number of Voltage Words = 1
* Number of Scans Averaged by the Deck Unit = 1
* NMEA Latitude = 02 32.39 N
* NMEA Longitude = 048 24.65 W
* NMEA UTC (Time) = 09:31:40
** H40
** NOc ANTARES
** 204
** OCEANO N IV
**   024
**   02 32.37 N
**   048 24.66 W
**   28/07/2009 09:30Z
**   73
** 9P46375-0881
**   1T JUAREZ
# nquan = 15                                
# nvalues = 6436                        
# units = specified
# name 0 = scan: Scan Count
# name 1 = timeJ: Julian Days
# name 2 = depSM: Depth [salt water, m]
# name 3 = prDM: Pressure, Digiquartz [db]
# name 4 = pumps: Pump Status
# name 5 = t090C: Temperature [ITS-90, deg C]
# name 6 = c0mS/cm: Conductivity [mS/cm]
# name 7 = c1mS/cm: Conductivity, 2 [mS/cm]
# name 8 = sbeox0Mg/L: Oxygen, SBE 43 [mg/l]
# name 9 = sigma-é00: Density [sigma-theta, kg/m^3]
# name 10 = potemp090C: Potential Temperature [ITS-90, deg C]
# name 11 = sal00: Salinity, Practical [PSU]
# name 12 = oxsolMg/L: Oxygen Saturation, Garcia & Gordon [mg/l]
# name 13 = oxsatMg/L: Oxygen Saturation, Weiss [mg/l]
# name 14 = flag: flag
# span 0 =          1,       6436       
# span 1 = 209.394821, 209.397919       
# span 2 =      0.049,     60.430       
# span 3 =      0.105,     60.696       
# span 4 =          1,          1       
# span 5 =    26.9179,    28.7470       
# span 6 =  28.857885,  57.093796       
# span 7 =  30.843506,  57.085567       
# span 8 =     5.7505,     6.5321       
# span 9 =     8.3186,    23.5030       
# span 10 =    26.9041,    28.7469      
# span 11 =    16.4612,    36.0088      
# span 12 =    6.41397,    7.06418      
# span 13 =    6.39734,    7.04468      
# span 14 = 0.0000e+00, 0.0000e+00      
# interval = seconds: 0.0416667
# start_time = Jul 28 2009 09:28:32 [System UpLoad Time]
# bad_flag = -9.990e-29
*END*
[from data line 2025]
       2026 209.395798     32.943     33.131          1    27.1993  56.777122  56.768925     5.9183    23.3990    27.1917    35.9858    6.48991    6.47314 0.0000e+00
       2027 209.395798     32.996     33.175          1    27.1996  56.776989  56.768757     5.9157    23.3987    27.1919    35.9856    6.48990    6.47313 0.0000e+00
       2028 209.395798     32.996     33.219          1    27.1992  56.777126  56.768299     5.9184    23.3991    27.1915    35.9859    6.48993    6.47315 0.0000e+00
       2029 209.395798     33.056     33.264          1    27.1990  56.777164  56.768394     5.9184    23.3993    27.1913    35.9861    6.48994    6.47317 0.0000e+00
       2030 209.395798     33.163     33.310          1    27.1992  56.776638  56.768986     5.9210    23.3988    27.1915    35.9856    6.48994    6.47317 0.0000e+00
       2031 209.395798     33.117     33.355          1    27.1992  56.776527  56.769154     5.9211    23.3987    27.1915    35.9855    6.48994    6.47317 0.0000e+00
       2032 209.395798     33.223     33.402          1    27.1990  56.776371  56.768753     5.9210    23.3988    27.1913    35.9855    6.48996    6.47319 0.0000e+00
       2033 209.395798     33.284     33.448          1    27.1986  56.776489  56.769024     5.9237    23.3992    27.1909    35.9859    6.48999    6.47322 0.0000e+00
       2034 209.395798     33.277     33.494          1    27.1988  56.776371  56.768871     5.9211    23.3990    27.1911    35.9856    6.48998    6.47320 0.0000e+00
       2035 209.395798     33.337     33.541          1    27.1986  56.776489  56.768547     5.9211    23.3992    27.1909    35.9858    6.48999    6.47322 0.0000e+00
       2036 209.395798     33.390     33.588          1    27.1988  56.776138  56.768532     5.9238    23.3988    27.1911    35.9854    6.48998    6.47321 0.0000e+00
       2037 209.395798     33.398     33.637          1    27.1988  56.775017  56.767693     5.9211    23.3982    27.1910    35.9846    6.49002    6.47324 0.0000e+00
       2038 209.395798     33.557     33.686          1    27.1984  56.774452  56.766727     5.9212    23.3983    27.1906    35.9845    6.49006    6.47329 0.0000e+00
       2039 209.395798     33.512     33.734          1    27.1977  56.774376  56.766502     5.9239    23.3989    27.1899    35.9850    6.49012    6.47335 0.0000e+00
       2040 209.395798     33.557     33.784          1    27.1973  56.774380  56.766388     5.9213    23.3992    27.1895    35.9852    6.49015    6.47338 0.0000e+00
       2041 209.395798     33.618     33.834          1    27.1972  56.774086  56.766182     5.9213    23.3992    27.1893    35.9851    6.49017    6.47340 0.0000e+00
       2042 209.395798     33.785     33.885          1    27.1970  56.773640  56.766979     5.9213    23.3991    27.1891    35.9850    6.49020    6.47343 0.0000e+00
       2043 209.395798     33.732     33.934          1    27.1970  56.773178  56.766922     5.9187    23.3989    27.1891    35.9846    6.49021    6.47344 0.0000e+00
       2044 209.395798     33.724     33.983          1    27.1966  56.773529  56.766350     5.9213    23.3994    27.1887    35.9851    6.49023    6.47346 0.0000e+00
       2045 209.395798     33.906     34.034          1    27.1964  56.774090  56.765972     5.9188    23.3999    27.1885    35.9857    6.49024    6.47346 0.0000e+00
       2046 209.395798     33.838     34.084          1    27.1964  56.774342  56.766010     5.9188    23.4000    27.1885    35.9858    6.49023    6.47346 0.0000e+00
       2047 209.395798     33.959     34.134          1    27.1966  56.774380  56.765137     5.9162    23.3998    27.1887    35.9857    6.49021    6.47344 0.0000e+00
       2048 209.395798     34.013     34.185          1    27.1970  56.773853  56.764950     5.9188    23.3992    27.1891    35.9850    6.49020    6.47342 0.0000e+00
       2049 209.395798     34.013     34.235          1    27.1966  56.773506  56.764706     5.9162    23.3993    27.1887    35.9850    6.49024    6.47346 0.0000e+00
       2050 209.395798     34.126     34.286          1    27.1968  56.773453  56.764893     5.9136    23.3991    27.1889    35.9848    6.49022    6.47345 0.0000e+00
       2051 209.395798     34.126     34.336          1    27.1966  56.773975  56.764473     5.9110    23.3996    27.1887    35.9854    6.49023    6.47345 0.0000e+00
       2052 209.395798     34.233     34.386          1    27.1966  56.773800  56.764992     5.9111    23.3995    27.1886    35.9852    6.49023    6.47346 0.0000e+00
       2053 209.395798     34.187     34.436          1    27.1964  56.774036  56.765903     5.9137    23.3998    27.1884    35.9855    6.49024    6.47347 0.0000e+00
       2054 209.395798     34.347     34.486          1    27.1966  56.774323  56.766129     5.9111    23.3997    27.1886    35.9856    6.49022    6.47344 0.0000e+00
       2055 209.395813     34.354     34.535          1    27.1964  56.774616  56.766354     5.9111    23.4001    27.1884    35.9859    6.49023    6.47345 0.0000e+00
       2056 209.395813     34.347     34.584          1    27.1968  56.774517  56.766373     5.9111    23.3996    27.1888    35.9855    6.49020    6.47342 0.0000e+00
       2057 209.395813     34.468     34.634          1    27.1968  56.774403  56.766697     5.9085    23.3996    27.1888    35.9854    6.49020    6.47343 0.0000e+00
       2058 209.395813     34.460     34.684          1    27.1970  56.774616  56.767094     5.9113    23.3995    27.1889    35.9854    6.49018    6.47341 0.0000e+00
       2059 209.395813     34.582     34.734          1    27.1972  56.774284  56.767078     5.9112    23.3992    27.1891    35.9850    6.49018    6.47340 0.0000e+00
       2060 209.395813     34.627     34.782          1    27.1970  56.774502  56.766869     5.9113    23.3994    27.1889    35.9853    6.49019    6.47341 0.0000e+00
       2061 209.395813     34.635     34.830          1    27.1970  56.775024  56.766411     5.9113    23.3997    27.1889    35.9857    6.49018    6.47340 0.0000e+00
       2062 209.395813     34.688     34.877          1    27.1972  56.774982  56.765999     5.9087    23.3995    27.1891    35.9855    6.49016    6.47339 0.0000e+00
       2063 209.395813     34.749     34.923          1    27.1973  56.774868  56.765503     5.9087    23.3993    27.1892    35.9852    6.49015    6.47338 0.0000e+00
       2064 209.395813     34.802     34.969          1    27.1973  56.774559  56.765888     5.9062    23.3991    27.1892    35.9850    6.49016    6.47339 0.0000e+00
       2065 209.395813     34.809     35.014          1    27.1975  56.774639  56.765884     5.9087    23.3990    27.1894    35.9849    6.49014    6.47337 0.0000e+00
       2066 209.395813     34.855     35.059          1    27.1972  56.775047  56.766228     5.9062    23.3995    27.1891    35.9855    6.49016    6.47339 0.0000e+00
       2067 209.395813     34.916     35.104          1    27.1970  56.774982  56.766357     5.9062    23.3997    27.1888    35.9855    6.49018    6.47341 0.0000e+00
       2068 209.395813     35.029     35.149          1    27.1973  56.774345  56.766190     5.9063    23.3990    27.1892    35.9848    6.49017    6.47339 0.0000e+00
       2069 209.395813     34.916     35.192          1    27.1972  56.774502  56.766243     5.9064    23.3992    27.1890    35.9850    6.49018    6.47340 0.0000e+00
       2070 209.395813     35.083     35.236          1    27.1970  56.774502  56.766453     5.9063    23.3994    27.1888    35.9852    6.49019    6.47342 0.0000e+00
       2071 209.395813     35.090     35.280          1    27.1970  56.774639  56.766682     5.9064    23.3994    27.1888    35.9853    6.49019    6.47342 0.0000e+00
       2072 209.395813     35.136     35.323          1    27.1972  56.775047  56.766399     5.9065    23.3995    27.1890    35.9854    6.49016    6.47339 0.0000e+00
       2073 209.395813     35.204     35.365          1    27.1973  56.775280  56.766510     5.9039    23.3994    27.1891    35.9854    6.49015    6.47337 0.0000e+00
       2074 209.395813     35.196     35.406          1    27.1970  56.775024  56.766586     5.9039    23.3996    27.1888    35.9855    6.49018    6.47341 0.0000e+00
       2075 209.395813     35.310     35.447          1    27.1975  56.774345  56.766586     5.9041    23.3987    27.1893    35.9846    6.49016    6.47338 0.0000e+00
       2076 209.395813     35.250     35.487          1    27.1973  56.773689  56.765617     5.9042    23.3986    27.1891    35.9842    6.49019    6.47341 0.0000e+00
       2077 209.395813     35.371     35.526          1    27.1970  56.773476  56.765186     5.9042    23.3988    27.1887    35.9843    6.49022    6.47345 0.0000e+00
       2078 209.395813     35.363     35.565          1    27.1964  56.773167  56.765034     5.9043    23.3991    27.1882    35.9846    6.49028    6.47350 0.0000e+00
       2079 209.395813     35.424     35.604          1    27.1966  56.773247  56.765110     5.9043    23.3990    27.1884    35.9844    6.49026    6.47348 0.0000e+00
       2080 209.395813     35.477     35.641          1    27.1962  56.773129  56.765263     5.9043    23.3992    27.1880    35.9846    6.49029    6.47352 0.0000e+00
       2081 209.395813     35.485     35.678          1    27.1962  56.772720  56.765015     5.9018    23.3990    27.1880    35.9843    6.49030    6.47353 0.0000e+00
       2082 209.395813     35.477     35.714          1    27.1960  56.772781  56.764637     5.9019    23.3992    27.1878    35.9845    6.49032    6.47354 0.0000e+00
       2083 209.395813     35.538     35.752          1    27.1959  56.772957  56.765171     5.9019    23.3995    27.1876    35.9847    6.49033    6.47355 0.0000e+00
       2084 209.395813     35.644     35.789          1    27.1960  56.772469  56.765148     5.9046    23.3990    27.1877    35.9843    6.49033    6.47355 0.0000e+00
       2085 209.395813     35.652     35.825          1    27.1957  56.772648  56.764050     5.9046    23.3995    27.1874    35.9847    6.49035    6.47358 0.0000e+00
       2086 209.395813     35.644     35.861          1    27.1959  56.772411  56.763935     5.9047    23.3991    27.1876    35.9843    6.49034    6.47357 0.0000e+00
       2087 209.395828     35.766     35.895          1    27.1959  56.772121  56.764011     5.9048    23.3990    27.1876    35.9841    6.49035    6.47358 0.0000e+00
       2088 209.395828     35.705     35.928          1    27.1957  56.772823  56.763844     5.9047    23.3995    27.1874    35.9848    6.49035    6.47357 0.0000e+00
       2089 209.395828     35.766     35.961          1    27.1957  56.772839  56.764126     5.9022    23.3995    27.1873    35.9848    6.49035    6.47357 0.0000e+00
       2090 209.395828     35.819     35.994          1    27.1959  56.772823  56.764812     5.9021    23.3993    27.1875    35.9846    6.49033    6.47356 0.0000e+00
       2091 209.395828     35.819     36.026          1    27.1957  56.772957  56.764713     5.9048    23.3996    27.1873    35.9848    6.49035    6.47357 0.0000e+00
       2092 209.395828     35.879     36.058          1    27.1957  56.773228  56.764675     5.9074    23.3997    27.1873    35.9850    6.49034    6.47356 0.0000e+00
       2093 209.395828     35.872     36.090          1    27.1957  56.772606  56.765095     5.9075    23.3994    27.1873    35.9846    6.49035    6.47358 0.0000e+00
       2094 209.395828     35.932     36.121          1    27.1957  56.772377  56.764999     5.9074    23.3993    27.1873    35.9844    6.49036    6.47359 0.0000e+00
       2095 209.395828     35.986     36.153          1    27.1957  56.772728  56.765038     5.9075    23.3994    27.1873    35.9846    6.49035    6.47358 0.0000e+00
       2096 209.395828     35.993     36.183          1    27.1953  56.772434  56.764736     5.9075    23.3996    27.1869    35.9847    6.49039    6.47361 0.0000e+00
       2097 209.395828     35.986     36.212          1    27.1957  56.772648  56.764675     5.9076    23.3994    27.1873    35.9845    6.49036    6.47358 0.0000e+00
       2098 209.395828     36.046     36.242          1    27.1955  56.772942  56.764584     5.9076    23.3997    27.1871    35.9849    6.49036    6.47359 0.0000e+00
       2099 209.395828     36.046     36.273          1    27.1959  56.772999  56.764660     5.9102    23.3994    27.1875    35.9846    6.49033    6.47356 0.0000e+00
       2100 209.395828     36.160     36.303          1    27.1959  56.772705  56.765099     5.9103    23.3992    27.1875    35.9844    6.49034    6.47356 0.0000e+00
       2101 209.395828     36.153     36.331          1    27.1957  56.772552  56.764656     5.9130    23.3993    27.1873    35.9844    6.49036    6.47358 0.0000e+00
       2102 209.395828     36.107     36.360          1    27.1957  56.773060  56.764927     5.9104    23.3996    27.1873    35.9848    6.49035    6.47357 0.0000e+00
       2103 209.395828     36.213     36.388          1    27.1955  56.772881  56.765190     5.9105    23.3996    27.1871    35.9848    6.49036    6.47359 0.0000e+00
       2104 209.395828     36.213     36.417          1    27.1959  56.772823  56.765285     5.9131    23.3993    27.1874    35.9844    6.49034    6.47356 0.0000e+00
       2105 209.395828     36.213     36.445          1    27.1957  56.772961  56.765247     5.9105    23.3995    27.1872    35.9847    6.49035    6.47358 0.0000e+00
       2106 209.395828     36.274     36.474          1    27.1957  56.772999  56.765228     5.9106    23.3995    27.1872    35.9847    6.49035    6.47357 0.0000e+00
       2107 209.395828     36.274     36.504          1    27.1959  56.772999  56.765285     5.9105    23.3994    27.1874    35.9845    6.49033    6.47356 0.0000e+00
       2108 209.395828     36.380     36.533          1    27.1957  56.772705  56.765022     5.9106    23.3994    27.1872    35.9845    6.49036    6.47358 0.0000e+00
       2109 209.395828     36.327     36.562          1    27.1957  56.772259  56.764870     5.9107    23.3991    27.1872    35.9842    6.49037    6.47359 0.0000e+00
       2110 209.395828     36.380     36.592          1    27.1959  56.772614  56.765076     5.9107    23.3991    27.1874    35.9842    6.49034    6.47357 0.0000e+00
       2111 209.395828     36.441     36.621          1    27.1959  56.772942  56.764751     5.9081    23.3993    27.1874    35.9845    6.49034    6.47356 0.0000e+00
       2112 209.395828     36.441     36.650          1    27.1955  56.772705  56.764107     5.9081    23.3995    27.1870    35.9846    6.49037    6.47360 0.0000e+00
       2113 209.395828     36.502     36.679          1    27.1957  56.772785  56.764168     5.9109    23.3994    27.1872    35.9845    6.49036    6.47358 0.0000e+00
       2114 209.395828     36.494     36.707          1    27.1959  56.772671  56.764244     5.9082    23.3991    27.1874    35.9842    6.49034    6.47357 0.0000e+00
       2115 209.395828     36.502     36.735          1    27.1957  56.772552  56.764244     5.9056    23.3993    27.1872    35.9843    6.49036    6.47359 0.0000e+00
       2116 209.395828     36.547     36.764          1    27.1957  56.772770  56.764072     5.9056    23.3994    27.1872    35.9845    6.49036    6.47358 0.0000e+00
       2117 209.395828     36.608     36.793          1    27.1957  56.772671  56.763847     5.9057    23.3993    27.1872    35.9844    6.49036    6.47359 0.0000e+00
       2118 209.395828     36.608     36.823          1    27.1955  56.772552  56.764130     5.9030    23.3994    27.1870    35.9844    6.49038    6.47360 0.0000e+00
       2119 209.395844     36.661     36.851          1    27.1955  56.772533  56.764244     5.9030    23.3994    27.1870    35.9844    6.49038    6.47360 0.0000e+00
       2120 209.395844     36.608     36.881          1    27.1955  56.772243  56.764076     5.9031    23.3992    27.1870    35.9842    6.49039    6.47361 0.0000e+00
