translate/ONIV_022T.cnv
* Sea-Bird SBE 9 Data File:
* FileName = D:\COMISSOES\2009\OCEANO_NORTE_IV\Bruto\ONIV_022.dat
* Software Version Seasave Win32 V 5.37d
* Temperature SN = 2326
* Conductivity SN = 2002
* Number of Bytes Per Scan = 21
* Number of Voltage Words = 1
* Number of Scans Averaged by the Deck Unit = 1
* NMEA Latitude = 04 04.05 N
* NMEA Longitude = 049 16.14 W
* NMEA UTC (Time) = 19:18:31
** H40
** NOc ANTARES
** 204
** OCEANO N IV
**   022
**   04 04,03 N
**   049 16,13 W
**   09/08/2009 19:17
**   305
** 9P46375-0881
**   1T TANGARI
# nquan = 15                                
# nvalues = 20877                       
# units = specified
# name 0 = scan: Scan Count
# name 1 = timeJ: Julian Days
# name 2 = depSM: Depth [salt water, m]
# name 3 = prDM: Pressure, Digiquartz [db]
# name 4 = pumps: Pump Status
# name 5 = t090C: Temperature [ITS-90, deg C]
# name 6 = c0mS/cm: Conductivity [mS/cm]
# name 7 = c1mS/cm: Conductivity, 2 [mS/cm]
# name 8 = sbeox0Mg/L: Oxygen, SBE 43 [mg/l]
# name 9 = sigma-é00: Density [sigma-theta, kg/m^3]
# name 10 = potemp090C: Potential Temperature [ITS-90, deg C]
# name 11 = sal00: Salinity, Practical [PSU]
# name 12 = oxsolMg/L: Oxygen Saturation, Garcia & Gordon [mg/l]
# name 13 = oxsatMg/L: Oxygen Saturation, Weiss [mg/l]
# name 14 = flag: flag
# span 0 =          1,      20877       
# span 1 = 221.802094, 221.812164       
# span 2 =     -0.315,    280.233       
# span 3 =     -0.216,    281.919       
# span 4 =          1,          1       
# span 5 =    11.3044,    28.5571       
# span 6 =  39.501297,  57.763130       
# span 7 =  39.503990,  57.768181       
# span 8 =     4.7268,     6.6729       
# span 9 =    22.6976,    26.7664       
# span 10 =    11.2689,    28.5569      
# span 11 =    35.0342,    36.4398      
# span 12 =    6.35913,    8.77331      
# span 13 =    6.34279,    8.77470      
# span 14 = 0.0000e+00, 0.0000e+00      
# interval = seconds: 0.0416667
# start_time = Aug 09 2009 19:15:01 [System UpLoad Time]
# bad_flag = -9.990e-29
*END*
          1 221.802094      1.099      1.170          1    28.5330  57.736713  57.733849     6.6038    22.7123    28.5327    35.6558    6.36162    6.34527 0.0000e+00
          2 221.802094      1.235      1.184          1    28.5327  57.736324  57.733353     6.6011    22.7123    28.5324    35.6557    6.36165    6.34530 0.0000e+00
          3 221.802094      1.160      1.198          1    28.5327  57.734840  57.733448     6.6010    22.7116    28.5324    35.6547    6.36169    6.34534 0.0000e+00
          4 221.802094      1.213      1.211          1    28.5327  57.733768  57.733295     6.6036    22.7111    28.5324    35.6540    6.36172    6.34537 0.0000e+00
          5 221.802094      1.160      1.225          1    28.5311  57.732967  57.732933     6.6010    22.7121    28.5308    35.6546    6.36186    6.34551 0.0000e+00
          6 221.802094      1.266      1.240          1    28.5304  57.732834  57.733467     6.5985    22.7126    28.5301    35.6550    6.36192    6.34557 0.0000e+00
          7 221.802094      1.235      1.256          1    28.5294  57.734261  57.733734     6.6009    22.7142    28.5291    35.6568    6.36196    6.34561 0.0000e+00
          8 221.802094      1.266      1.271          1    28.5292  57.735958  57.734386     6.6035    22.7153    28.5289    35.6581    6.36193    6.34558 0.0000e+00
          9 221.802094      1.266      1.286          1    28.5299  57.737186  57.735226     6.6035    22.7153    28.5296    35.6584    6.36185    6.34550 0.0000e+00
         10 221.802094      1.327      1.301          1    28.5313  57.738983  57.736584     6.6035    22.7150    28.5309    35.6586    6.36170    6.34535 0.0000e+00
         11 221.802094      1.296      1.316          1    28.5321  57.741364  57.738342     6.6034    22.7155    28.5318    35.6596    6.36158    6.34523 0.0000e+00
         12 221.802094      1.327      1.331          1    28.5335  57.742626  57.740517     6.6060    22.7149    28.5332    35.6595    6.36144    6.34509 0.0000e+00
         13 221.802094      1.327      1.346          1    28.5352  57.743191  57.742523     6.6087    22.7137    28.5349    35.6585    6.36129    6.34494 0.0000e+00
         14 221.802109      1.380      1.361          1    28.5370  57.743660  57.743683     6.6087    22.7123    28.5367    35.6575    6.36115    6.34480 0.0000e+00
         15 221.802109      1.327      1.376          1    28.5376  57.743015  57.743969     6.6088    22.7115    28.5372    35.6567    6.36112    6.34477 0.0000e+00
         16 221.802109      1.410      1.391          1    28.5382  57.743584  57.744274     6.6114    22.7112    28.5379    35.6566    6.36106    6.34471 0.0000e+00
         17 221.802109      1.440      1.405          1    28.5387  57.743736  57.744656     6.6089    22.7109    28.5383    35.6563    6.36102    6.34467 0.0000e+00
         18 221.802109      1.380      1.419          1    28.5392  57.743523  57.744637     6.6088    22.7103    28.5388    35.6558    6.36098    6.34464 0.0000e+00
         19 221.802109      1.440      1.433          1    28.5392  57.742584  57.744484     6.6087    22.7097    28.5389    35.6551    6.36100    6.34466 0.0000e+00
         20 221.802109      1.440      1.447          1    28.5395  57.743118  57.744789     6.6111    22.7098    28.5392    35.6553    6.36097    6.34462 0.0000e+00
         21 221.802109      1.463      1.460          1    28.5391  57.743801  57.745018     6.6084    22.7105    28.5387    35.6561    6.36098    6.34464 0.0000e+00
         22 221.802109      1.493      1.473          1    28.5387  57.743347  57.745232     6.6106    22.7106    28.5383    35.6560    6.36103    6.34468 0.0000e+00
         23 221.802109      1.493      1.485          1    28.5390  57.742977  57.745171     6.6103    22.7102    28.5386    35.6556    6.36101    6.34467 0.0000e+00
         24 221.802109      1.493      1.496          1    28.5394  57.742920  57.745480     6.6128    22.7097    28.5391    35.6552    6.36098    6.34463 0.0000e+00
         25 221.802109      1.463      1.507          1    28.5393  57.742920  57.745594     6.6126    22.7098    28.5390    35.6553    6.36099    6.34464 0.0000e+00
         26 221.802109      1.554      1.519          1    28.5389  57.742393  57.745708     6.6127    22.7100    28.5385    35.6552    6.36103    6.34469 0.0000e+00
         27 221.802109      1.554      1.530          1    28.5386  57.741867  57.745861     6.6126    22.7099    28.5382    35.6550    6.36107    6.34472 0.0000e+00
         28 221.802109      1.554      1.539          1    28.5380  57.741337  57.745094     6.6127    22.7102    28.5376    35.6552    6.36113    6.34479 0.0000e+00
         29 221.802109      1.554      1.547          1    28.5377  57.740559  57.744312     6.6127    22.7101    28.5373    35.6548    6.36117    6.34483 0.0000e+00
         30 221.802109      1.577      1.554          1    28.5368  57.739639  57.743221     6.6125    22.7103    28.5365    35.6548    6.36126    6.34491 0.0000e+00
         31 221.802109      1.554      1.560          1    28.5359  57.738411  57.742115     6.6150    22.7105    28.5355    35.6547    6.36136    6.34502 0.0000e+00
         32 221.802109      1.554      1.566          1    28.5350  57.736965  57.741451     6.6149    22.7105    28.5347    35.6543    6.36146    6.34512 0.0000e+00
         33 221.802109      1.607      1.572          1    28.5335  57.735836  57.740108     6.6123    22.7113    28.5331    35.6547    6.36161    6.34526 0.0000e+00
         34 221.802109      1.607      1.576          1    28.5319  57.735115  57.738850     6.6097    22.7124    28.5315    35.6554    6.36175    6.34540 0.0000e+00
         35 221.802109      1.577      1.579          1    28.5314  57.734608  57.738110     6.6096    22.7126    28.5310    35.6554    6.36180    6.34545 0.0000e+00
         36 221.802109      1.607      1.580          1    28.5316  57.734432  57.738186     6.6096    22.7123    28.5312    35.6551    6.36179    6.34544 0.0000e+00
         37 221.802109      1.607      1.581          1    28.5314  57.733593  57.738262     6.6121    22.7121    28.5310    35.6547    6.36183    6.34548 0.0000e+00
         38 221.802109      1.607      1.580          1    28.5305  57.732265  57.737747     6.6121    22.7122    28.5301    35.6544    6.36193    6.34558 0.0000e+00
         39 221.802109      1.554      1.578          1    28.5293  57.731682  57.737633     6.6067    22.7129    28.5289    35.6549    6.36203    6.34568 0.0000e+00
         40 221.802109      1.577      1.576          1    28.5274  57.731079  57.737537     6.6041    22.7144    28.5270    35.6560    6.36220    6.34585 0.0000e+00
         41 221.802109      1.554      1.574          1    28.5272  57.730667  57.737614     6.6043    22.7143    28.5268    35.6558    6.36222    6.34587 0.0000e+00
         42 221.802109      1.554      1.572          1    28.5275  57.731117  57.738110     6.6018    22.7143    28.5271    35.6559    6.36219    6.34584 0.0000e+00
         43 221.802109      1.607      1.570          1    28.5260  57.732582  57.738262     6.5995    22.7163    28.5257    35.6580    6.36226    6.34591 0.0000e+00
         44 221.802109      1.554      1.567          1    28.5273  57.733360  57.738091     6.5972    22.7156    28.5269    35.6576    6.36215    6.34580 0.0000e+00
         45 221.802109      1.577      1.563          1    28.5288  57.734241  57.738377     6.5974    22.7147    28.5285    35.6571    6.36201    6.34566 0.0000e+00
         46 221.802124      1.554      1.559          1    28.5288  57.734787  57.738720     6.5949    22.7150    28.5285    35.6575    6.36199    6.34564 0.0000e+00
         47 221.802124      1.554      1.555          1    28.5295  57.734882  57.738739     6.5923    22.7144    28.5291    35.6570    6.36194    6.34559 0.0000e+00
         48 221.802124      1.607      1.550          1    28.5301  57.734882  57.738777     6.5895    22.7139    28.5298    35.6565    6.36189    6.34554 0.0000e+00
         49 221.802124      1.524      1.543          1    28.5297  57.735409  57.739082     6.5868    22.7145    28.5293    35.6572    6.36191    6.34556 0.0000e+00
         50 221.802124      1.554      1.535          1    28.5299  57.735466  57.738949     6.5868    22.7143    28.5296    35.6571    6.36189    6.34554 0.0000e+00
         51 221.802124      1.493      1.528          1    28.5305  57.735607  57.739101     6.5843    22.7139    28.5301    35.6568    6.36184    6.34549 0.0000e+00
         52 221.802124      1.554      1.520          1    28.5314  57.735016  57.739464     6.5817    22.7128    28.5310    35.6557    6.36179    6.34544 0.0000e+00
         53 221.802124      1.554      1.511          1    28.5316  57.734745  57.740536     6.5819    22.7125    28.5313    35.6553    6.36178    6.34543 0.0000e+00
         54 221.802124      1.463      1.500          1    28.5312  57.734314  57.741604     6.5821    22.7126    28.5308    35.6554    6.36182    6.34547 0.0000e+00
         55 221.802124      1.493      1.490          1    28.5303  57.734764  57.741508     6.5823    22.7137    28.5299    35.6563    6.36188    6.34553 0.0000e+00
         56 221.802124      1.493      1.479          1    28.5303  57.735485  57.741451     6.5824    22.7141    28.5299    35.6569    6.36186    6.34552 0.0000e+00
         57 221.802124      1.493      1.468          1    28.5303  57.737129  57.741581     6.5824    22.7149    28.5300    35.6580    6.36182    6.34547 0.0000e+00
         58 221.802124      1.493      1.455          1    28.5311  57.738613  57.741623     6.5825    22.7150    28.5307    35.6585    6.36173    6.34538 0.0000e+00
         59 221.802124      1.410      1.441          1    28.5325  57.739643  57.741623     6.5825    22.7143    28.5321    35.6581    6.36159    6.34525 0.0000e+00
         60 221.802124      1.440      1.426          1    28.5340  57.740051  57.741619     6.5825    22.7131    28.5337    35.6572    6.36146    6.34511 0.0000e+00
         61 221.802124      1.440      1.411          1    28.5352  57.739815  57.741623     6.5852    22.7119    28.5349    35.6562    6.36137    6.34503 0.0000e+00
         62 221.802124      1.380      1.395          1    28.5352  57.739895  57.741676     6.5852    22.7120    28.5348    35.6563    6.36138    6.34503 0.0000e+00
         63 221.802124      1.463      1.378          1    28.5350  57.740070  57.741638     6.5852    22.7123    28.5346    35.6566    6.36139    6.34504 0.0000e+00
         64 221.802124      1.326      1.359          1    28.5354  57.740635  57.741104     6.5854    22.7121    28.5351    35.6566    6.36134    6.34499 0.0000e+00
         65 221.802124      1.326      1.340          1    28.5355  57.740753  57.740990     6.5879    22.7121    28.5352    35.6566    6.36133    6.34498 0.0000e+00
         66 221.802124      1.326      1.321          1    28.5358  57.740852  57.741409     6.5854    22.7119    28.5355    35.6565    6.36131    6.34496 0.0000e+00
         67 221.802124      1.326      1.301          1    28.5359  57.741241  57.742115     6.5828    22.7121    28.5356    35.6567    6.36129    6.34494 0.0000e+00
         68 221.802124      1.296      1.280          1    28.5362  57.741474  57.742249     6.5854    22.7119    28.5359    35.6567    6.36126    6.34492 0.0000e+00
         69 221.802124      1.213      1.259          1    28.5364  57.741749  57.742634     6.5855    22.7118    28.5361    35.6567    6.36123    6.34489 0.0000e+00
         70 221.802124      1.266      1.238          1    28.5366  57.741650  57.743282     6.5855    22.7116    28.5363    35.6565    6.36122    6.34488 0.0000e+00
         71 221.802124      1.266      1.216          1    28.5369  57.741768  57.743740     6.5856    22.7114    28.5366    35.6563    6.36120    6.34485 0.0000e+00
         72 221.802124      1.160      1.193          1    28.5370  57.741646  57.743950     6.5882    22.7113    28.5367    35.6562    6.36119    6.34485 0.0000e+00
         73 221.802124      1.235      1.169          1    28.5369  57.742058  57.744560     6.5908    22.7116    28.5366    35.6565    6.36119    6.34484 0.0000e+00
         74 221.802124      1.099      1.144          1    28.5370  57.742096  57.744064     6.5908    22.7115    28.5367    35.6565    6.36118    6.34484 0.0000e+00
         75 221.802124      1.099      1.119          1    28.5373  57.741707  57.742802     6.5883    22.7111    28.5370    35.6560    6.36117    6.34482 0.0000e+00
         76 221.802124      1.099      1.095          1    28.5374  57.741768  57.742687     6.5858    22.7110    28.5371    35.6560    6.36116    6.34481 0.0000e+00
         77 221.802124      1.069      1.070          1    28.5375  57.741943  57.742992     6.5884    22.7110    28.5372    35.6561    6.36115    6.34480 0.0000e+00
         78 221.802139      1.099      1.045          1    28.5374  57.741688  57.743011     6.5884    22.7110    28.5371    35.6560    6.36116    6.34481 0.0000e+00
         79 221.802139      0.985      1.019          1    28.5372  57.741768  57.742821     6.5910    22.7112    28.5370    35.6562    6.36117    6.34483 0.0000e+00
         80 221.802139      0.985      0.993          1    28.5371  57.741764  57.742878     6.5911    22.7113    28.5369    35.6562    6.36118    6.34483 0.0000e+00
         81 221.802139      0.985      0.967          1    28.5370  57.741333  57.741940     6.5911    22.7112    28.5368    35.6560    6.36120    6.34485 0.0000e+00
         82 221.802139      0.955      0.940          1    28.5373  57.741081  57.740986     6.5886    22.7108    28.5371    35.6557    6.36118    6.34484 0.0000e+00
         83 221.802139      0.871      0.913          1    28.5372  57.739693  57.740719     6.5911    22.7101    28.5370    35.6548    6.36122    6.34488 0.0000e+00
         84 221.802139      0.871      0.887          1    28.5369  57.738834  57.740128     6.5937    22.7099    28.5367    35.6544    6.36127    6.34492 0.0000e+00
         85 221.802139      0.871      0.861          1    28.5357  57.738174  57.740623     6.5937    22.7107    28.5355    35.6548    6.36137    6.34503 0.0000e+00
         86 221.802139      0.788      0.835          1    28.5346  57.737236  57.741371     6.5937    22.7112    28.5344    35.6550    6.36148    6.34513 0.0000e+00
         87 221.802139      0.818      0.810          1    28.5341  57.736809  57.742634     6.5963    22.7114    28.5339    35.6551    6.36153    6.34518 0.0000e+00
         88 221.802139      0.765      0.785          1    28.5337  57.737278  57.745003     6.5963    22.7121    28.5335    35.6558    6.36155    6.34521 0.0000e+00
         89 221.802139      0.765      0.761          1    28.5330  57.738216  57.747272     6.5962    22.7131    28.5328    35.6569    6.36158    6.34523 0.0000e+00
         90 221.802139      0.704      0.736          1    28.5331  57.739933  57.749241     6.5962    22.7140    28.5329    35.6581    6.36153    6.34518 0.0000e+00
         91 221.802139      0.674      0.713          1    28.5340  57.741943  57.751320     6.5988    22.7142    28.5339    35.6588    6.36141    6.34506 0.0000e+00
         92 221.802139      0.704      0.690          1    28.5350  57.744911  57.752365     6.6013    22.7148    28.5349    35.6601    6.36126    6.34491 0.0000e+00
         93 221.802139      0.651      0.668          1    28.5364  57.747776  57.753056     6.5989    22.7151    28.5363    35.6610    6.36108    6.34473 0.0000e+00
         94 221.802139      0.651      0.646          1    28.5393  57.749454  57.753685     6.5988    22.7134    28.5392    35.6601    6.36082    6.34447 0.0000e+00
         95 221.802139      0.560      0.624          1    28.5419  57.749783  57.753666     6.6040    22.7113    28.5417    35.6584    6.36061    6.34427 0.0000e+00
         96 221.802139      0.591      0.603          1    28.5430  57.749664  57.752918     6.6040    22.7102    28.5429    35.6574    6.36053    6.34419 0.0000e+00
