translate/ONIV_026T.cnv
* Sea-Bird SBE 9 Data File:
* FileName = D:\COMISSOES\2009\OCEANO_NORTE_IV\Bruto\ONIV_026.dat
* Software Version Seasave Win32 V 5.37d
* Temperature SN = 2326
* Conductivity SN = 2002
* Number of Bytes Per Scan = 21
* Number of Voltage Words = 1
* Number of Scans Averaged by the Deck Unit = 1
* NMEA Latitude = 02 52.24 N
* NMEA Longitude = 048 02.39 W
* NMEA UTC (Time) = 05:08:54
** H40
** NOc ANTARES
** 204
** OCEANO N IV
**   026
**   02 52.08 N
**   048 02.39 W
**   28/07/2009 05:01
**   164
** 9P46375-0881
**   1T JORGE LUIZ
# nquan = 15                                
# nvalues = 11935                       
# units = specified
# name 0 = scan: Scan Count
# name 1 = timeJ: Julian Days
# name 2 = depSM: Depth [salt water, m]
# name 3 = prDM: Pressure, Digiquartz [db]
# name 4 = pumps: Pump Status
# name 5 = t090C: Temperature [ITS-90, deg C]
# name 6 = c0mS/cm: Conductivity [mS/cm]
# name 7 = c1mS/cm: Conductivity, 2 [mS/cm]
# name 8 = sbeox0Mg/L: Oxygen, SBE 43 [mg/l]
# name 9 = sigma-é00: Density [sigma-theta, kg/m^3]
# name 10 = potemp090C: Potential Temperature [ITS-90, deg C]
# name 11 = sal00: Salinity, Practical [PSU]
# name 12 = oxsolMg/L: Oxygen Saturation, Garcia & Gordon [mg/l]
# name 13 = oxsatMg/L: Oxygen Saturation, Weiss [mg/l]
# name 14 = flag: flag
# span 0 =          1,      11935       
# span 1 = 209.212357, 209.218109       
# span 2 =     -1.516,    149.582       
# span 3 =     -1.398,    150.389       
# span 4 =          1,          1       
# span 5 =    11.6860,    28.5966       
# span 6 =  39.849449,  56.902618       
# span 7 =  39.846359,  56.894455       
# span 8 =     4.6598,     6.1103       
# span 9 =    19.6130,    26.8046       
# span 10 =    11.6668,    28.5957      
# span 11 =    31.5470,    36.3032      
# span 12 =    6.40665,    8.70040      
# span 13 =    6.39005,    8.70084      
# span 14 = 0.0000e+00, 0.0000e+00      
# interval = seconds: 0.0416667
# start_time = Jul 28 2009 05:05:48 [System UpLoad Time]
# bad_flag = -9.990e-29
*END*
[from data line 5591]
       5592 209.215057    147.997    148.924          1    11.6863  39.855682  39.852856     5.2855    26.7221    11.6672    35.0898    8.70034    8.70078 0.0000e+00
       5593 209.215057    148.050    148.907          1    11.6861  39.855831  39.852676     5.2856    26.7224    11.6670    35.0901    8.70035    8.70079 0.0000e+00
       5594 209.215057    147.997    148.889          1    11.6863  39.855980  39.852921     5.2856    26.7223    11.6672    35.0901    8.70032    8.70076 0.0000e+00
       5595 209.215057    147.943    148.873          1    11.6860  39.855663  39.852970     5.2856    26.7224    11.6669    35.0901    8.70038    8.70082 0.0000e+00
       5596 209.215057    147.997    148.858          1    11.6861  39.855751  39.853054     5.2856    26.7223    11.6670    35.0900    8.70035    8.70079 0.0000e+00
       5597 209.215057    147.943    148.843          1    11.6863  39.855564  39.853134     5.2892    26.7220    11.6672    35.0897    8.70034    8.70078 0.0000e+00
       5598 209.215057    147.943    148.829          1    11.6861  39.855534  39.852856     5.2856    26.7222    11.6671    35.0898    8.70036    8.70080 0.0000e+00
       5599 209.215057    147.943    148.816          1    11.6861  39.855648  39.853153     5.2857    26.7223    11.6671    35.0900    8.70036    8.70080 0.0000e+00
       5600 209.215057    147.943    148.802          1    11.6861  39.855885  39.853134     5.2892    26.7224    11.6671    35.0902    8.70034    8.70079 0.0000e+00
       5601 209.215057    147.905    148.789          1    11.6861  39.855797  39.853085     5.2893    26.7224    11.6671    35.0901    8.70035    8.70079 0.0000e+00
       5602 209.215057    147.829    148.776          1    11.6861  39.855846  39.853233     5.2893    26.7224    11.6671    35.0902    8.70034    8.70079 0.0000e+00
       5603 209.215057    147.943    148.764          1    11.6861  39.856033  39.853184     5.2893    26.7226    11.6671    35.0904    8.70033    8.70078 0.0000e+00
       5604 209.215057    147.829    148.753          1    11.6863  39.855831  39.853004     5.2858    26.7223    11.6672    35.0900    8.70032    8.70077 0.0000e+00
       5605 209.215057    147.829    148.743          1    11.6863  39.855846  39.853054     5.2857    26.7223    11.6672    35.0900    8.70032    8.70077 0.0000e+00
       5606 209.215057    147.883    148.734          1    11.6861  39.856133  39.853233     5.2858    26.7227    11.6671    35.0905    8.70033    8.70077 0.0000e+00
       5607 209.215057    147.829    148.725          1    11.6863  39.856365  39.853428     5.2893    26.7227    11.6672    35.0906    8.70029    8.70074 0.0000e+00
       5608 209.215073    147.829    148.716          1    11.6865  39.856014  39.853577     5.2858    26.7222    11.6674    35.0900    8.70029    8.70073 0.0000e+00
       5609 209.215073    147.829    148.709          1    11.6863  39.855881  39.853756     5.2858    26.7223    11.6672    35.0901    8.70032    8.70076 0.0000e+00
       5610 209.215073    147.768    148.702          1    11.6865  39.856133  39.854298     5.2823    26.7223    11.6674    35.0902    8.70028    8.70072 0.0000e+00
       5611 209.215073    147.829    148.697          1    11.6866  39.856567  39.854561     5.2823    26.7225    11.6676    35.0904    8.70024    8.70068 0.0000e+00
       5612 209.215073    147.768    148.692          1    11.6868  39.857086  39.854443     5.2859    26.7227    11.6678    35.0908    8.70018    8.70062 0.0000e+00
       5613 209.215073    147.829    148.689          1    11.6870  39.857166  39.854248     5.2858    26.7227    11.6679    35.0907    8.70016    8.70060 0.0000e+00
       5614 209.215073    147.791    148.686          1    11.6873  39.857452  39.854248     5.2859    26.7226    11.6683    35.0907    8.70010    8.70054 0.0000e+00
       5615 209.215073    147.829    148.684          1    11.6876  39.857754  39.854015     5.2823    26.7225    11.6686    35.0907    8.70004    8.70048 0.0000e+00
       5616 209.215073    147.768    148.682          1    11.6880  39.858170  39.854134     5.2859    26.7225    11.6689    35.0907    8.69997    8.70041 0.0000e+00
       5617 209.215073    147.768    148.681          1    11.6888  39.858589  39.853607     5.2894    26.7220    11.6698    35.0904    8.69984    8.70027 0.0000e+00
       5618 209.215073    147.768    148.681          1    11.6890  39.858337  39.853512     5.2859    26.7217    11.6699    35.0900    8.69983    8.70027 0.0000e+00
       5619 209.215073    147.768    148.684          1    11.6891  39.858574  39.853542     5.2859    26.7218    11.6701    35.0900    8.69980    8.70023 0.0000e+00
       5620 209.215073    147.829    148.688          1    11.6890  39.858788  39.853790     5.2859    26.7221    11.6699    35.0904    8.69981    8.70024 0.0000e+00
       5621 209.215073    147.768    148.692          1    11.6893  39.859173  39.854069     5.2858    26.7220    11.6703    35.0904    8.69974    8.70018 0.0000e+00
       5622 209.215073    147.829    148.698          1    11.6891  39.859592  39.854477     5.2859    26.7225    11.6701    35.0910    8.69974    8.70018 0.0000e+00
       5623 209.215073    147.829    148.703          1    11.6898  39.860447  39.854591     5.2894    26.7225    11.6708    35.0912    8.69961    8.70004 0.0000e+00
       5624 209.215073    147.768    148.710          1    11.6901  39.860493  39.854343     5.2858    26.7223    11.6711    35.0910    8.69956    8.70000 0.0000e+00
       5625 209.215073    147.829    148.719          1    11.6907  39.860428  39.854065     5.2858    26.7217    11.6716    35.0904    8.69950    8.69993 0.0000e+00
       5626 209.215073    147.829    148.729          1    11.6911  39.860680  39.853901     5.2858    26.7215    11.6721    35.0902    8.69942    8.69985 0.0000e+00
       5627 209.215073    147.844    148.739          1    11.6910  39.860310  39.853725     5.2857    26.7213    11.6719    35.0900    8.69946    8.69989 0.0000e+00
       5628 209.215073    147.882    148.751          1    11.6911  39.859707  39.853577     5.2893    26.7207    11.6721    35.0892    8.69948    8.69991 0.0000e+00
       5629 209.215073    147.829    148.764          1    11.6910  39.859657  39.853790     5.2858    26.7208    11.6719    35.0893    8.69950    8.69993 0.0000e+00
       5630 209.215073    147.882    148.778          1    11.6905  39.859390  39.853676     5.2856    26.7211    11.6714    35.0895    8.69958    8.70001 0.0000e+00
       5631 209.215073    147.943    148.792          1    11.6900  39.858841  39.853806     5.2857    26.7211    11.6709    35.0895    8.69968    8.70011 0.0000e+00
       5632 209.215073    147.882    148.808          1    11.6898  39.858139  39.853870     5.2857    26.7207    11.6708    35.0889    8.69973    8.70017 0.0000e+00
       5633 209.215073    147.943    148.824          1    11.6892  39.857803  39.853920     5.2857    26.7211    11.6701    35.0892    8.69984    8.70027 0.0000e+00
       5634 209.215073    147.943    148.841          1    11.6888  39.857353  39.853886     5.2857    26.7210    11.6698    35.0891    8.69991    8.70034 0.0000e+00
       5635 209.215073    147.943    148.860          1    11.6881  39.856968  39.853920     5.2893    26.7214    11.6691    35.0893    8.70002    8.70046 0.0000e+00
       5636 209.215073    147.996    148.879          1    11.6880  39.857136  39.854084     5.2892    26.7217    11.6689    35.0896    8.70003    8.70047 0.0000e+00
       5637 209.215073    147.996    148.900          1    11.6875  39.856766  39.854477     5.2856    26.7218    11.6684    35.0897    8.70012    8.70056 0.0000e+00
       5638 209.215073    147.996    148.922          1    11.6873  39.856819  39.854790     5.2857    26.7220    11.6682    35.0899    8.70014    8.70058 0.0000e+00
       5639 209.215073    148.110    148.945          1    11.6875  39.856884  39.855347     5.2856    26.7219    11.6684    35.0898    8.70011    8.70055 0.0000e+00
       5640 209.215088    148.050    148.968          1    11.6871  39.856983  39.856003     5.2855    26.7223    11.6680    35.0903    8.70016    8.70060 0.0000e+00
       5641 209.215088    148.126    148.992          1    11.6873  39.856815  39.855968     5.2854    26.7220    11.6682    35.0899    8.70014    8.70058 0.0000e+00
       5642 209.215088    148.110    149.017          1    11.6870  39.856701  39.855705     5.2853    26.7222    11.6679    35.0901    8.70019    8.70063 0.0000e+00
       5643 209.215088    148.164    149.042          1    11.6870  39.856937  39.855492     5.2888    26.7224    11.6679    35.0903    8.70018    8.70062 0.0000e+00
       5644 209.215088    148.164    149.067          1    11.6871  39.857269  39.855888     5.2887    26.7225    11.6680    35.0905    8.70014    8.70058 0.0000e+00
       5645 209.215088    148.224    149.094          1    11.6870  39.857555  39.856281     5.2888    26.7228    11.6679    35.0909    8.70015    8.70059 0.0000e+00
       5646 209.215088    148.224    149.121          1    11.6873  39.857521  39.856556     5.2889    26.7225    11.6682    35.0905    8.70010    8.70054 0.0000e+00
       5647 209.215088    148.277    149.148          1    11.6875  39.857891  39.856720     5.2855    26.7226    11.6684    35.0907    8.70006    8.70050 0.0000e+00
       5648 209.215088    148.224    149.177          1    11.6878  39.858879  39.856308     5.2890    26.7230    11.6687    35.0914    8.69997    8.70041 0.0000e+00
       5649 209.215088    148.338    149.206          1    11.6883  39.859409  39.856064     5.2890    26.7230    11.6692    35.0914    8.69987    8.70031 0.0000e+00
       5650 209.215088    148.338    149.237          1    11.6888  39.859093  39.855591     5.2890    26.7222    11.6697    35.0906    8.69982    8.70026 0.0000e+00
       5651 209.215088    148.391    149.269          1    11.6891  39.859310  39.855000     5.2890    26.7221    11.6700    35.0905    8.69977    8.70021 0.0000e+00
       5652 209.215088    148.452    149.300          1    11.6895  39.859478  39.854263     5.2890    26.7219    11.6704    35.0903    8.69972    8.70015 0.0000e+00
       5653 209.215088    148.452    149.330          1    11.6893  39.859493  39.854561     5.2889    26.7221    11.6702    35.0905    8.69974    8.70017 0.0000e+00
       5654 209.215088    148.452    149.361          1    11.6895  39.859497  39.854477     5.2889    26.7219    11.6703    35.0903    8.69972    8.70015 0.0000e+00
       5655 209.215088    148.505    149.393          1    11.6895  39.858944  39.854103     5.2854    26.7215    11.6703    35.0898    8.69975    8.70018 0.0000e+00
       5656 209.215088    148.581    149.425          1    11.6895  39.858154  39.853905     5.2854    26.7209    11.6703    35.0890    8.69979    8.70023 0.0000e+00
       5657 209.215088    148.559    149.456          1    11.6891  39.857807  39.853676     5.2854    26.7209    11.6700    35.0890    8.69986    8.70029 0.0000e+00
       5658 209.215088    148.619    149.488          1    11.6883  39.857151  39.853611     5.2889    26.7211    11.6692    35.0891    8.70000    8.70044 0.0000e+00
       5659 209.215088    148.619    149.519          1    11.6876  39.856804  39.853367     5.2889    26.7215    11.6685    35.0894    8.70011    8.70055 0.0000e+00
       5660 209.215088    148.673    149.552          1    11.6873  39.856701  39.853287     5.2889    26.7217    11.6682    35.0895    8.70016    8.70060 0.0000e+00
       5661 209.215088    148.733    149.584          1    11.6868  39.856285  39.853188     5.2889    26.7218    11.6677    35.0896    8.70025    8.70069 0.0000e+00
       5662 209.215088    148.733    149.615          1    11.6866  39.856403  39.853252     5.2889    26.7221    11.6675    35.0899    8.70027    8.70071 0.0000e+00
       5663 209.215088    148.787    149.647          1    11.6865  39.856087  39.853039     5.2888    26.7220    11.6673    35.0897    8.70030    8.70075 0.0000e+00
       5664 209.215088    148.787    149.678          1    11.6863  39.856102  39.853157     5.2888    26.7222    11.6671    35.0899    8.70033    8.70077 0.0000e+00
       5665 209.215088    148.847    149.708          1    11.6861  39.856304  39.853168     5.2853    26.7225    11.6669    35.0902    8.70034    8.70078 0.0000e+00
       5666 209.215088    148.901    149.739          1    11.6861  39.856354  39.852859     5.2888    26.7225    11.6669    35.0903    8.70034    8.70078 0.0000e+00
       5667 209.215088    148.901    149.768          1    11.6861  39.856201  39.852959     5.2888    26.7224    11.6669    35.0901    8.70035    8.70079 0.0000e+00
       5668 209.215088    148.901    149.796          1    11.6863  39.856052  39.853222     5.2887    26.7221    11.6671    35.0898    8.70034    8.70078 0.0000e+00
       5669 209.215088    149.015    149.824          1    11.6861  39.856018  39.853188     5.2852    26.7222    11.6669    35.0899    8.70036    8.70080 0.0000e+00
       5670 209.215088    148.961    149.851          1    11.6860  39.856018  39.853008     5.2887    26.7223    11.6668    35.0900    8.70038    8.70082 0.0000e+00
       5671 209.215088    149.015    149.877          1    11.6861  39.855869  39.853058     5.2887    26.7221    11.6669    35.0897    8.70037    8.70081 0.0000e+00
       5672 209.215103    149.015    149.903          1    11.6861  39.856071  39.852989     5.2887    26.7222    11.6669    35.0899    8.70036    8.70080 0.0000e+00
       5673 209.215103    149.075    149.928          1    11.6861  39.856304  39.852859     5.2886    26.7224    11.6669    35.0901    8.70035    8.70079 0.0000e+00
       5674 209.215103    149.091    149.953          1    11.6861  39.856354  39.853123     5.2887    26.7224    11.6669    35.0902    8.70034    8.70079 0.0000e+00
       5675 209.215103    149.129    149.977          1    11.6861  39.856205  39.853172     5.2886    26.7223    11.6669    35.0900    8.70035    8.70080 0.0000e+00
       5676 209.215103    149.182    149.999          1    11.6861  39.856457  39.853256     5.2886    26.7225    11.6669    35.0902    8.70034    8.70078 0.0000e+00
       5677 209.215103    149.129    150.020          1    11.6865  39.856255  39.853188     5.2886    26.7220    11.6673    35.0897    8.70030    8.70075 0.0000e+00
       5678 209.215103    149.243    150.039          1    11.6863  39.856403  39.853008     5.2886    26.7223    11.6670    35.0900    8.70032    8.70077 0.0000e+00
       5679 209.215103    149.182    150.057          1    11.6863  39.856339  39.853058     5.2886    26.7222    11.6670    35.0900    8.70033    8.70077 0.0000e+00
       5680 209.215103    149.182    150.073          1    11.6863  39.856289  39.853237     5.2885    26.7222    11.6670    35.0899    8.70033    8.70077 0.0000e+00
       5681 209.215103    149.243    150.090          1    11.6863  39.856136  39.853188     5.2886    26.7221    11.6670    35.0897    8.70034    8.70078 0.0000e+00
       5682 209.215103    149.296    150.105          1    11.6861  39.856186  39.853157     5.2850    26.7223    11.6669    35.0899    8.70036    8.70080 0.0000e+00
       5683 209.215103    149.242    150.118          1    11.6863  39.856171  39.853451     5.2885    26.7221    11.6670    35.0898    8.70034    8.70078 0.0000e+00
       5684 209.215103    149.296    150.129          1    11.6861  39.856457  39.853352     5.2850    26.7225    11.6669    35.0902    8.70034    8.70079 0.0000e+00
       5685 209.215103    149.242    150.140          1    11.6861  39.856255  39.853039     5.2850    26.7223    11.6669    35.0900    8.70035    8.70080 0.0000e+00
       5686 209.215103    149.356    150.150          1    11.6863  39.856056  39.853252     5.2885    26.7220    11.6670    35.0896    8.70035    8.70079 0.0000e+00
