translate/ONIV_026T.cnv
* Sea-Bird SBE 9 Data File:
* FileName = D:\COMISSOES\2009\OCEANO_NORTE_IV\Bruto\ONIV_026.dat
* Software Version Seasave Win32 V 5.37d
* Temperature SN = 2326
* Conductivity SN = 2002
* Number of Bytes Per Scan = 21
* Number of Voltage Words = 1
* Number of Scans Averaged by the Deck Unit = 1
* NMEA Latitude = 02 52.24 N
* NMEA Longitude = 048 02.39 W
* NMEA UTC (Time) = 05:08:54
** H40
** NOc ANTARES
** 204
** OCEANO N IV
**   026
**   02 52.08 N
**   048 02.39 W
**   28/07/2009 05:01
**   164
** 9P46375-0881
**   1T JORGE LUIZ
# nquan = 15                                
# nvalues = 11935                       
# units = specified
# name 0 = scan: Scan Count
# name 1 = timeJ: Julian Days
# name 2 = depSM: Depth [salt water, m]
# name 3 = prDM: Pressure, Digiquartz [db]
# name 4 = pumps: Pump Status
# name 5 = t090C: Temperature [ITS-90, deg C]
# name 6 = c0mS/cm: Conductivity [mS/cm]
# name 7 = c1mS/cm: Conductivity, 2 [mS/cm]
# name 8 = sbeox0Mg/L: Oxygen, SBE 43 [mg/l]
# name 9 = sigma-é00: Density [sigma-theta, kg/m^3]
# name 10 = potemp090C: Potential Temperature [ITS-90, deg C]
# name 11 = sal00: Salinity, Practical [PSU]
# name 12 = oxsolMg/L: Oxygen Saturation, Garcia & Gordon [mg/l]
# name 13 = oxsatMg/L: Oxygen Saturation, Weiss [mg/l]
# name 14 = flag: flag
# span 0 =          1,      11935       
# span 1 = 209.212357, 209.218109       
# span 2 =     -1.516,    149.582       
# span 3 =     -1.398,    150.389       
# span 4 =          1,          1       
# span 5 =    11.6860,    28.5966       
# span 6 =  39.849449,  56.902618       
# span 7 =  39.846359,  56.894455       
# span 8 =     4.6598,     6.1103       
# span 9 =    19.6130,    26.8046       
# span 10 =    11.6668,    28.5957      
# span 11 =    31.5470,    36.3032      
# span 12 =    6.40665,    8.70040      
# span 13 =    6.39005,    8.70084      
# span 14 = 0.0000e+00, 0.0000e+00      
# interval = seconds: 0.0416667
# start_time = Jul 28 2009 05:05:48 [System UpLoad Time]
# bad_flag = -9.990e-29
*END*
[from data line 3470]
       3471 209.214035     85.644     86.162          1    26.9805  56.532616  56.524506     5.9274    23.4565    26.9606    35.9637    6.51422    6.49739 0.0000e+00
       3472 209.214035     85.728     86.177          1    26.9805  56.532536  56.524658     5.9248    23.4564    26.9606    35.9636    6.51422    6.49740 0.0000e+00
       3473 209.214035     85.728     86.190          1    26.9809  56.532597  56.524658     5.9224    23.4561    26.9610    35.9634    6.51419    6.49736 0.0000e+00
       3474 209.214035     85.705     86.202          1    26.9809  56.533039  56.523769     5.9224    23.4563    26.9610    35.9637    6.51418    6.49735 0.0000e+00
       3475 209.214035     85.728     86.214          1    26.9806  56.532940  56.522404     5.9253    23.4565    26.9608    35.9638    6.51420    6.49738 0.0000e+00
       3476 209.214035     85.758     86.226          1    26.9807  56.532574  56.521309     5.9227    23.4563    26.9608    35.9635    6.51420    6.49738 0.0000e+00
       3477 209.214035     85.789     86.236          1    26.9807  56.531548  56.521122     5.9227    23.4557    26.9608    35.9628    6.51423    6.49741 0.0000e+00
       3478 209.214035     85.789     86.245          1    26.9805  56.530949  56.520741     5.9256    23.4556    26.9606    35.9625    6.51426    6.49744 0.0000e+00
       3479 209.214035     85.758     86.252          1    26.9799  56.531380  56.520611     5.9256    23.4563    26.9601    35.9632    6.51429    6.49747 0.0000e+00
       3480 209.214035     85.789     86.259          1    26.9790  56.532017  56.519928     5.9230    23.4575    26.9592    35.9644    6.51435    6.49753 0.0000e+00
       3481 209.214035     85.758     86.266          1    26.9790  56.532578  56.519188     5.9231    23.4578    26.9592    35.9648    6.51434    6.49751 0.0000e+00
       3482 209.214035     85.789     86.272          1    26.9795  56.532536  56.519478     5.9232    23.4573    26.9596    35.9644    6.51430    6.49748 0.0000e+00
       3483 209.214035     85.789     86.278          1    26.9797  56.531837  56.520084     5.9233    23.4567    26.9599    35.9637    6.51430    6.49747 0.0000e+00
       3484 209.214035     85.819     86.284          1    26.9796  56.531979  56.520344     5.9234    23.4569    26.9597    35.9639    6.51431    6.49748 0.0000e+00
       3485 209.214035     85.789     86.290          1    26.9796  56.532501  56.519814     5.9211    23.4572    26.9597    35.9643    6.51429    6.49747 0.0000e+00
       3486 209.214035     85.819     86.295          1    26.9797  56.532227  56.519966     5.9213    23.4569    26.9599    35.9640    6.51429    6.49746 0.0000e+00
       3487 209.214035     85.789     86.300          1    26.9797  56.532440  56.520306     5.9215    23.4570    26.9599    35.9641    6.51428    6.49746 0.0000e+00
       3488 209.214050     85.819     86.305          1    26.9797  56.532440  56.520611     5.9217    23.4570    26.9599    35.9641    6.51428    6.49746 0.0000e+00
       3489 209.214050     85.842     86.309          1    26.9801  56.532051  56.520798     5.9219    23.4565    26.9602    35.9636    6.51427    6.49744 0.0000e+00
       3490 209.214050     85.789     86.314          1    26.9805  56.532112  56.520836     5.9195    23.4562    26.9606    35.9633    6.51423    6.49741 0.0000e+00
       3491 209.214050     85.819     86.319          1    26.9809  56.532578  56.520325     5.9222    23.4561    26.9610    35.9633    6.51419    6.49736 0.0000e+00
       3492 209.214050     85.842     86.324          1    26.9810  56.532536  56.519985     5.9198    23.4559    26.9612    35.9632    6.51418    6.49735 0.0000e+00
       3493 209.214050     85.819     86.330          1    26.9809  56.532364  56.519817     5.9198    23.4559    26.9610    35.9632    6.51419    6.49737 0.0000e+00
       3494 209.214050     85.842     86.335          1    26.9809  56.532032  56.519550     5.9198    23.4558    26.9610    35.9629    6.51420    6.49738 0.0000e+00
       3495 209.214050     85.895     86.341          1    26.9801  56.531590  56.520214     5.9197    23.4562    26.9602    35.9632    6.51428    6.49745 0.0000e+00
       3496 209.214050     85.819     86.345          1    26.9797  56.531414  56.520458     5.9197    23.4565    26.9599    35.9634    6.51431    6.49749 0.0000e+00
       3497 209.214050     85.842     86.350          1    26.9791  56.531105  56.520916     5.9171    23.4568    26.9593    35.9636    6.51437    6.49754 0.0000e+00
       3498 209.214050     85.819     86.356          1    26.9792  56.530602  56.521465     5.9171    23.4565    26.9593    35.9632    6.51437    6.49755 0.0000e+00
       3499 209.214050     85.842     86.364          1    26.9783  56.530178  56.521935     5.9147    23.4571    26.9584    35.9636    6.51446    6.49763 0.0000e+00
       3500 209.214050     85.895     86.372          1    26.9777  56.530491  56.522163     5.9150    23.4578    26.9579    35.9642    6.51449    6.49767 0.0000e+00
       3501 209.214050     85.872     86.381          1    26.9774  56.530567  56.521687     5.9178    23.4581    26.9575    35.9646    6.51452    6.49770 0.0000e+00
       3502 209.214050     85.842     86.391          1    26.9775  56.530197  56.521576     5.9154    23.4578    26.9577    35.9642    6.51452    6.49769 0.0000e+00
       3503 209.214050     85.925     86.401          1    26.9775  56.530781  56.521709     5.9155    23.4581    26.9577    35.9646    6.51450    6.49768 0.0000e+00
       3504 209.214050     85.842     86.413          1    26.9777  56.531010  56.521748     5.9130    23.4581    26.9578    35.9647    6.51449    6.49766 0.0000e+00
       3505 209.214050     85.956     86.426          1    26.9779  56.530895  56.521461     5.9158    23.4578    26.9580    35.9644    6.51447    6.49765 0.0000e+00
       3506 209.214050     85.925     86.439          1    26.9781  56.530624  56.521767     5.9160    23.4575    26.9582    35.9640    6.51446    6.49764 0.0000e+00
       3507 209.214050     85.956     86.453          1    26.9779  56.530720  56.521839     5.9160    23.4577    26.9580    35.9642    6.51447    6.49765 0.0000e+00
       3508 209.214050     85.925     86.467          1    26.9781  56.531128  56.521481     5.9161    23.4578    26.9582    35.9644    6.51445    6.49762 0.0000e+00
       3509 209.214050     85.956     86.483          1    26.9785  56.530834  56.521538     5.9136    23.4573    26.9586    35.9639    6.51443    6.49760 0.0000e+00
       3510 209.214050     86.009     86.500          1    26.9785  56.530701  56.521935     5.9137    23.4572    26.9586    35.9638    6.51443    6.49761 0.0000e+00
       3511 209.214050     85.986     86.517          1    26.9781  56.530819  56.522163     5.9165    23.4576    26.9582    35.9641    6.51446    6.49763 0.0000e+00
       3512 209.214050     86.009     86.536          1    26.9779  56.530624  56.522427     5.9166    23.4577    26.9580    35.9642    6.51448    6.49766 0.0000e+00
       3513 209.214050     86.039     86.556          1    26.9777  56.531246  56.523132     5.9166    23.4581    26.9578    35.9647    6.51447    6.49765 0.0000e+00
       3514 209.214050     86.009     86.578          1    26.9779  56.531475  56.523281     5.9167    23.4581    26.9580    35.9647    6.51446    6.49763 0.0000e+00
       3515 209.214050     86.123     86.602          1    26.9777  56.531651  56.523205     5.9168    23.4583    26.9578    35.9650    6.51446    6.49764 0.0000e+00
       3516 209.214050     86.100     86.626          1    26.9783  56.531532  56.523697     5.9197    23.4578    26.9583    35.9645    6.51443    6.49760 0.0000e+00
       3517 209.214050     86.123     86.652          1    26.9786  56.532234  56.524265     5.9199    23.4578    26.9587    35.9647    6.51438    6.49755 0.0000e+00
       3518 209.214050     86.153     86.678          1    26.9792  56.532421  56.524509     5.9202    23.4574    26.9593    35.9644    6.51433    6.49751 0.0000e+00
       3519 209.214050     86.183     86.706          1    26.9791  56.532639  56.524548     5.9203    23.4576    26.9592    35.9646    6.51433    6.49751 0.0000e+00
       3520 209.214066     86.183     86.736          1    26.9797  56.532772  56.524719     5.9176    23.4571    26.9598    35.9642    6.51428    6.49745 0.0000e+00
       3521 209.214066     86.267     86.767          1    26.9799  56.532791  56.524376     5.9177    23.4569    26.9600    35.9641    6.51426    6.49744 0.0000e+00
       3522 209.214066     86.297     86.799          1    26.9799  56.532848  56.524647     5.9178    23.4570    26.9600    35.9641    6.51426    6.49744 0.0000e+00
       3523 209.214066     86.328     86.831          1    26.9799  56.532520  56.524151     5.9152    23.4568    26.9600    35.9638    6.51427    6.49745 0.0000e+00
       3524 209.214066     86.236     86.865          1    26.9799  56.532345  56.524227     5.9151    23.4567    26.9600    35.9637    6.51428    6.49745 0.0000e+00
       3525 209.214066     86.464     86.901          1    26.9799  56.532619  56.523983     5.9153    23.4568    26.9599    35.9639    6.51427    6.49744 0.0000e+00
       3526 209.214066     86.328     86.938          1    26.9801  56.532482  56.523926     5.9154    23.4566    26.9601    35.9637    6.51426    6.49744 0.0000e+00
       3527 209.214066     86.517     86.977          1    26.9797  56.532349  56.523773     5.9129    23.4569    26.9597    35.9638    6.51429    6.49747 0.0000e+00
       3528 209.214066     86.441     87.017          1    26.9799  56.532562  56.523659     5.9130    23.4568    26.9599    35.9638    6.51427    6.49745 0.0000e+00
       3529 209.214066     86.517     87.059          1    26.9797  56.532753  56.523357     5.9104    23.4571    26.9597    35.9641    6.51428    6.49746 0.0000e+00
       3530 209.214066     86.578     87.103          1    26.9796  56.533085  56.523209     5.9104    23.4574    26.9595    35.9644    6.51429    6.49746 0.0000e+00
       3531 209.214066     86.662     87.148          1    26.9799  56.532715  56.523415     5.9104    23.4568    26.9599    35.9639    6.51427    6.49744 0.0000e+00
       3532 209.214066     86.631     87.194          1    26.9805  56.531574  56.523605     5.9105    23.4557    26.9604    35.9626    6.51426    6.49743 0.0000e+00
       3533 209.214066     86.692     87.241          1    26.9799  56.532063  56.523869     5.9105    23.4565    26.9599    35.9634    6.51429    6.49746 0.0000e+00
       3534 209.214066     86.776     87.291          1    26.9782  56.533203  56.523777     5.9079    23.4586    26.9582    35.9655    6.51439    6.49757 0.0000e+00
       3535 209.214066     86.798     87.342          1    26.9790  56.533722  56.524120     5.9080    23.4582    26.9589    35.9653    6.51432    6.49749 0.0000e+00
       3536 209.214066     86.836     87.395          1    26.9801  56.533451  56.524418     5.9081    23.4571    26.9600    35.9642    6.51424    6.49742 0.0000e+00
       3537 209.214066     86.912     87.449          1    26.9812  56.534092  56.525272     5.9082    23.4564    26.9611    35.9638    6.51413    6.49731 0.0000e+00
       3538 209.214066     87.026     87.506          1    26.9810  56.534283  56.525311     5.9082    23.4566    26.9609    35.9640    6.51414    6.49732 0.0000e+00
       3539 209.214066     87.003     87.562          1    26.9812  56.533451  56.525291     5.9083    23.4560    26.9611    35.9633    6.51415    6.49733 0.0000e+00
       3540 209.214066     87.087     87.620          1    26.9810  56.533184  56.524399     5.9083    23.4560    26.9609    35.9632    6.51417    6.49735 0.0000e+00
       3541 209.214066     87.170     87.680          1    26.9808  56.532951  56.523190     5.9083    23.4561    26.9606    35.9632    6.51420    6.49738 0.0000e+00
       3542 209.214066     87.254     87.740          1    26.9805  56.531769  56.522205     5.9082    23.4558    26.9603    35.9626    6.51426    6.49743 0.0000e+00
       3543 209.214066     87.307     87.799          1    26.9797  56.530998  56.521015     5.9083    23.4560    26.9595    35.9626    6.51434    6.49751 0.0000e+00
       3544 209.214066     87.284     87.859          1    26.9786  56.530632  56.520470     5.9084    23.4568    26.9584    35.9632    6.51443    6.49761 0.0000e+00
       3545 209.214066     87.421     87.921          1    26.9774  56.530205  56.520111     5.9111    23.4577    26.9572    35.9638    6.51455    6.49772 0.0000e+00
       3546 209.214066     87.421     87.983          1    26.9762  56.529682  56.519958     5.9111    23.4584    26.9560    35.9643    6.51465    6.49783 0.0000e+00
       3547 209.214066     87.565     88.047          1    26.9759  56.529259  56.519939     5.9084    23.4585    26.9556    35.9643    6.51469    6.49787 0.0000e+00
       3548 209.214066     87.596     88.111          1    26.9751  56.529282  56.520454     5.9084    23.4592    26.9548    35.9649    6.51475    6.49793 0.0000e+00
       3549 209.214066     87.596     88.176          1    26.9744  56.529438  56.520451     5.9084    23.4599    26.9541    35.9655    6.51481    6.49798 0.0000e+00
       3550 209.214066     87.793     88.242          1    26.9742  56.529243  56.520622     5.9056    23.4599    26.9539    35.9655    6.51482    6.49800 0.0000e+00
       3551 209.214066     87.763     88.308          1    26.9738  56.529049  56.521038     5.9029    23.4602    26.9535    35.9656    6.51486    6.49804 0.0000e+00
       3552 209.214081     87.854     88.375          1    26.9735  56.528778  56.520752     5.9055    23.4604    26.9531    35.9657    6.51490    6.49807 0.0000e+00
       3553 209.214081     87.877     88.443          1    26.9733  56.528820  56.520679     5.9055    23.4605    26.9530    35.9658    6.51491    6.49809 0.0000e+00
       3554 209.214081     88.044     88.512          1    26.9727  56.527172  56.519958     5.9055    23.4601    26.9524    35.9651    6.51500    6.49818 0.0000e+00
       3555 209.214081     88.074     88.581          1    26.9727  56.524990  56.517891     5.9028    23.4589    26.9524    35.9635    6.51506    6.49823 0.0000e+00
       3556 209.214081     88.104     88.650          1    26.9715  56.523232  56.515984     5.9027    23.4591    26.9511    35.9632    6.51521    6.49838 0.0000e+00
       3557 209.214081     88.158     88.720          1    26.9681  56.522072  56.515041     5.9029    23.4615    26.9477    35.9649    6.51550    6.49868 0.0000e+00
       3558 209.214081     88.249     88.793          1    26.9661  56.520893  56.514023     5.9002    23.4627    26.9457    35.9656    6.51570    6.49887 0.0000e+00
       3559 209.214081     88.325     88.867          1    26.9643  56.519772  56.512146     5.9002    23.4637    26.9438    35.9662    6.51587    6.49904 0.0000e+00
       3560 209.214081     88.438     88.942          1    26.9633  56.518806  56.510712     5.9002    23.4640    26.9429    35.9662    6.51597    6.49914 0.0000e+00
       3561 209.214081     88.476     89.018          1    26.9611  56.518112  56.510128     5.9002    23.4656    26.9407    35.9674    6.51616    6.49934 0.0000e+00
       3562 209.214081     88.552     89.095          1    26.9597  56.517902  56.509865     5.9029    23.4668    26.9392    35.9683    6.51629    6.49946 0.0000e+00
       3563 209.214081     88.613     89.173          1    26.9586  56.518173  56.510490     5.9003    23.4680    26.9381    35.9694    6.51637    6.49954 0.0000e+00
       3564 209.214081     88.811     89.253          1    26.9580  56.518562  56.511230     5.9003    23.4687    26.9375    35.9701    6.51640    6.49958 0.0000e+00
       3565 209.214081     88.780     89.331          1    26.9580  56.519821  56.511738     5.9003    23.4693    26.9375    35.9709    6.51637    6.49955 0.0000e+00
       3566 209.214081     88.947     89.409          1    26.9589  56.520611  56.512478     5.8977    23.4689    26.9384    35.9708    6.51628    6.49945 0.0000e+00
