translate/ONIV_024T.cnv
* Sea-Bird SBE 9 Data File:
* FileName = D:\COMISSOES\2009\OCEANO_NORTE_IV\Bruto\ONIV_024.dat
* Software Version Seasave Win32 V 5.37d
* Temperature SN = 2326
* Conductivity SN = 2002
* Number of Bytes Per Scan = 21
* Number of Voltage Words = 1
* Number of Scans Averaged by the Deck Unit = 1
* NMEA Latitude = 02 32.39 N
* NMEA Longitude = 048 24.65 W
* NMEA UTC (Time) = 09:31:40
** H40
** NOc ANTARES
** 204
** OCEANO N IV
**   024
**   02 32.37 N
**   048 24.66 W
**   28/07/2009 09:30Z
**   73
** 9P46375-0881
**   1T JUAREZ
# nquan = 15                                
# nvalues = 6436                        
# units = specified
# name 0 = scan: Scan Count
# name 1 = timeJ: Julian Days
# name 2 = depSM: Depth [salt water, m]
# name 3 = prDM: Pressure, Digiquartz [db]
# name 4 = pumps: Pump Status
# name 5 = t090C: Temperature [ITS-90, deg C]
# name 6 = c0mS/cm: Conductivity [mS/cm]
# name 7 = c1mS/cm: Conductivity, 2 [mS/cm]
# name 8 = sbeox0Mg/L: Oxygen, SBE 43 [mg/l]
# name 9 = sigma-é00: Density [sigma-theta, kg/m^3]
# name 10 = potemp090C: Potential Temperature [ITS-90, deg C]
# name 11 = sal00: Salinity, Practical [PSU]
# name 12 = oxsolMg/L: Oxygen Saturation, Garcia & Gordon [mg/l]
# name 13 = oxsatMg/L: Oxygen Saturation, Weiss [mg/l]
# name 14 = flag: flag
# span 0 =          1,       6436       
# span 1 = 209.394821, 209.397919       
# span 2 =      0.049,     60.430       
# span 3 =      0.105,     60.696       
# span 4 =          1,          1       
# span 5 =    26.9179,    28.7470       
# span 6 =  28.857885,  57.093796       
# span 7 =  30.843506,  57.085567       
# span 8 =     5.7505,     6.5321       
# span 9 =     8.3186,    23.5030       
# span 10 =    26.9041,    28.7469      
# span 11 =    16.4612,    36.0088      
# span 12 =    6.41397,    7.06418      
# span 13 =    6.39734,    7.04468      
# span 14 = 0.0000e+00, 0.0000e+00      
# interval = seconds: 0.0416667
# start_time = Jul 28 2009 09:28:32 [System UpLoad Time]
# bad_flag = -9.990e-29
*END*
[from data line 3952]
       3953 209.396713     59.132     59.462          1    27.0801  56.656601  56.663063     5.8641    23.4376    27.0664    35.9837    6.50277    6.48597 0.0000e+00
       3954 209.396729     59.132     59.463          1    27.0788  56.656975  56.662834     5.8667    23.4390    27.0651    35.9850    6.50287    6.48607 0.0000e+00
       3955 209.396729     59.132     59.464          1    27.0779  56.658581  56.662170     5.8666    23.4407    27.0641    35.9869    6.50290    6.48610 0.0000e+00
       3956 209.396729     59.132     59.465          1    27.0790  56.661625  56.662037     5.8639    23.4414    27.0652    35.9882    6.50273    6.48593 0.0000e+00
       3957 209.396729     59.192     59.465          1    27.0799  56.665089  56.661945     5.8663    23.4424    27.0662    35.9899    6.50257    6.48577 0.0000e+00
       3958 209.396729     59.079     59.464          1    27.0825  56.666767  56.661793     5.8635    23.4410    27.0688    35.9891    6.50232    6.48552 0.0000e+00
       3959 209.396729     59.132     59.464          1    27.0858  56.666859  56.662270     5.8607    23.4380    27.0721    35.9866    6.50205    6.48525 0.0000e+00
       3960 209.396729     59.132     59.464          1    27.0874  56.667034  56.662323     5.8633    23.4366    27.0737    35.9855    6.50192    6.48512 0.0000e+00
       3961 209.396729     59.132     59.464          1    27.0873  56.667404  56.662003     5.8633    23.4370    27.0736    35.9859    6.50192    6.48512 0.0000e+00
       3962 209.396729     59.079     59.464          1    27.0876  56.667091  56.662018     5.8633    23.4365    27.0739    35.9854    6.50190    6.48511 0.0000e+00
       3963 209.396729     59.132     59.465          1    27.0882  56.666782  56.661888     5.8605    23.4358    27.0745    35.9847    6.50186    6.48507 0.0000e+00
       3964 209.396729     59.132     59.467          1    27.0885  56.667248  56.661999     5.8606    23.4357    27.0748    35.9848    6.50183    6.48503 0.0000e+00
       3965 209.396729     59.132     59.469          1    27.0883  56.666546  56.662170     5.8605    23.4355    27.0746    35.9844    6.50186    6.48506 0.0000e+00
       3966 209.396729     59.079     59.471          1    27.0882  56.665676  56.662491     5.8605    23.4352    27.0745    35.9839    6.50189    6.48509 0.0000e+00
       3967 209.396729     59.132     59.475          1    27.0878  56.665371  56.662872     5.8603    23.4354    27.0741    35.9840    6.50193    6.48513 0.0000e+00
       3968 209.396729     59.132     59.480          1    27.0869  56.665039  56.663307     5.8604    23.4360    27.0732    35.9845    6.50201    6.48521 0.0000e+00
       3969 209.396729     59.192     59.484          1    27.0863  56.665409  56.663761     5.8602    23.4367    27.0726    35.9852    6.50205    6.48525 0.0000e+00
       3970 209.396729     59.132     59.488          1    27.0858  56.665970  56.663990     5.8602    23.4375    27.0721    35.9860    6.50207    6.48528 0.0000e+00
       3971 209.396729     59.192     59.491          1    27.0865  56.666222  56.664028     5.8600    23.4370    27.0728    35.9856    6.50201    6.48522 0.0000e+00
       3972 209.396729     59.192     59.494          1    27.0871  56.666553  56.664253     5.8600    23.4367    27.0734    35.9854    6.50196    6.48516 0.0000e+00
       3973 209.396729     59.192     59.495          1    27.0874  56.665890  56.664444     5.8573    23.4360    27.0737    35.9847    6.50195    6.48515 0.0000e+00
       3974 209.396729     59.192     59.494          1    27.0876  56.666164  56.664257     5.8599    23.4360    27.0739    35.9847    6.50193    6.48513 0.0000e+00
       3975 209.396729     59.192     59.492          1    27.0867  56.666920  56.664066     5.8625    23.4372    27.0730    35.9860    6.50198    6.48518 0.0000e+00
       3976 209.396729     59.192     59.489          1    27.0876  56.665833  56.663231     5.8598    23.4358    27.0739    35.9845    6.50194    6.48514 0.0000e+00
       3977 209.396729     59.192     59.483          1    27.0884  56.665001  56.662968     5.8624    23.4347    27.0747    35.9833    6.50190    6.48510 0.0000e+00
       3978 209.396729     59.192     59.476          1    27.0876  56.663818  56.662567     5.8624    23.4347    27.0739    35.9831    6.50199    6.48519 0.0000e+00
       3979 209.396729     59.132     59.467          1    27.0863  56.662773  56.662548     5.8649    23.4353    27.0726    35.9833    6.50212    6.48532 0.0000e+00
       3980 209.396729     59.079     59.458          1    27.0847  56.663010  56.662872     5.8649    23.4369    27.0710    35.9847    6.50224    6.48544 0.0000e+00
       3981 209.396729     59.132     59.450          1    27.0837  56.664444  56.662796     5.8675    23.4386    27.0700    35.9865    6.50228    6.48548 0.0000e+00
       3982 209.396729     59.078     59.442          1    27.0840  56.666786  56.663708     5.8648    23.4396    27.0702    35.9880    6.50220    6.48540 0.0000e+00
       3983 209.396729     59.078     59.434          1    27.0858  56.667946  56.664139     5.8674    23.4386    27.0721    35.9874    6.50203    6.48523 0.0000e+00
       3984 209.396729     59.132     59.427          1    27.0876  56.668877  56.663776     5.8674    23.4374    27.0739    35.9867    6.50185    6.48506 0.0000e+00
       3985 209.396729     59.010     59.420          1    27.0885  56.669415  56.664104     5.8700    23.4369    27.0748    35.9864    6.50177    6.48497 0.0000e+00
       3986 209.396744     59.078     59.415          1    27.0891  56.669510  56.664425     5.8699    23.4365    27.0754    35.9860    6.50172    6.48492 0.0000e+00
       3987 209.396744     59.132     59.409          1    27.0900  56.669510  56.664253     5.8699    23.4357    27.0763    35.9853    6.50165    6.48485 0.0000e+00
       3988 209.396744     59.078     59.403          1    27.0902  56.668987  56.663776     5.8699    23.4352    27.0765    35.9848    6.50165    6.48485 0.0000e+00
       3989 209.396744     59.078     59.395          1    27.0902  56.669689  56.663593     5.8698    23.4355    27.0765    35.9852    6.50163    6.48483 0.0000e+00
       3990 209.396744     59.078     59.386          1    27.0906  56.670326  56.663799     5.8698    23.4356    27.0769    35.9854    6.50158    6.48479 0.0000e+00
       3991 209.396744     59.078     59.376          1    27.0906  56.670441  56.663704     5.8723    23.4356    27.0769    35.9855    6.50158    6.48478 0.0000e+00
       3992 209.396744     59.018     59.365          1    27.0911  56.670147  56.663876     5.8722    23.4350    27.0774    35.9849    6.50155    6.48475 0.0000e+00
       3993 209.396744     59.018     59.354          1    27.0913  56.669994  56.663723     5.8696    23.4347    27.0776    35.9847    6.50153    6.48474 0.0000e+00
       3994 209.396744     59.078     59.342          1    27.0911  56.669216  56.664104     5.8721    23.4345    27.0775    35.9842    6.50157    6.48477 0.0000e+00
       3995 209.396744     59.018     59.328          1    27.0907  56.668911  56.664425     5.8721    23.4347    27.0771    35.9843    6.50161    6.48481 0.0000e+00
       3996 209.396744     58.965     59.314          1    27.0904  56.669765  56.664253     5.8747    23.4354    27.0767    35.9852    6.50161    6.48481 0.0000e+00
       3997 209.396744     58.965     59.299          1    27.0902  56.670635  56.664291     5.8746    23.4361    27.0765    35.9860    6.50160    6.48481 0.0000e+00
       3998 209.396744     59.018     59.284          1    27.0908  56.670593  56.663929     5.8746    23.4356    27.0771    35.9855    6.50156    6.48476 0.0000e+00
       3999 209.396744     58.904     59.267          1    27.0911  56.670456  56.663116     5.8720    23.4352    27.0774    35.9852    6.50154    6.48474 0.0000e+00
       4000 209.396744     58.965     59.250          1    27.0913  56.670437  56.661694     5.8746    23.4350    27.0776    35.9850    6.50152    6.48472 0.0000e+00
       4001 209.396744     58.904     59.232          1    27.0913  56.670204  56.660900     5.8719    23.4348    27.0777    35.9848    6.50152    6.48473 0.0000e+00
       4002 209.396744     58.904     59.213          1    27.0915  56.669487  56.661282     5.8693    23.4343    27.0778    35.9842    6.50153    6.48474 0.0000e+00
       4003 209.396744     58.851     59.194          1    27.0908  56.668812  56.662189     5.8693    23.4346    27.0771    35.9843    6.50161    6.48481 0.0000e+00
       4004 209.396744     58.851     59.174          1    27.0906  56.668365  56.663120     5.8718    23.4346    27.0769    35.9841    6.50163    6.48483 0.0000e+00
       4005 209.396744     58.851     59.154          1    27.0902  56.668156  56.664085     5.8693    23.4348    27.0766    35.9842    6.50167    6.48487 0.0000e+00
       4006 209.396744     58.790     59.133          1    27.0899  56.668114  56.664215     5.8692    23.4350    27.0762    35.9845    6.50169    6.48490 0.0000e+00
       4007 209.396744     58.851     59.112          1    27.0895  56.667591  56.664577     5.8692    23.4351    27.0758    35.9844    6.50174    6.48494 0.0000e+00
       4008 209.396744     58.737     59.089          1    27.0891  56.666950  56.665447     5.8666    23.4351    27.0755    35.9843    6.50178    6.48499 0.0000e+00
       4009 209.396744     58.790     59.065          1    27.0889  56.666214  56.665634     5.8665    23.4349    27.0753    35.9839    6.50182    6.48502 0.0000e+00
       4010 209.396744     58.737     59.039          1    27.0882  56.664803  56.663906     5.8639    23.4348    27.0746    35.9834    6.50191    6.48511 0.0000e+00
       4011 209.396744     58.684     59.013          1    27.0871  56.663700  56.661461     5.8665    23.4352    27.0735    35.9835    6.50203    6.48523 0.0000e+00
       4012 209.396744     58.684     58.985          1    27.0861  56.661781  56.657822     5.8639    23.4350    27.0725    35.9829    6.50215    6.48535 0.0000e+00
       4013 209.396744     58.623     58.957          1    27.0847  56.660526  56.655972     5.8613    23.4357    27.0711    35.9831    6.50230    6.48550 0.0000e+00
       4014 209.396744     58.623     58.928          1    27.0827  56.662861  56.657513     5.8612    23.4388    27.0691    35.9864    6.50240    6.48560 0.0000e+00
       4015 209.396744     58.570     58.898          1    27.0810  56.665623  56.658970     5.8612    23.4418    27.0674    35.9897    6.50246    6.48566 0.0000e+00
       4016 209.396744     58.570     58.868          1    27.0830  56.666607  56.658512     5.8611    23.4405    27.0694    35.9888    6.50227    6.48547 0.0000e+00
       4017 209.396759     58.509     58.837          1    27.0853  56.666195  56.658836     5.8610    23.4382    27.0717    35.9868    6.50211    6.48531 0.0000e+00
       4018 209.396759     58.509     58.805          1    27.0869  56.665558  56.660393     5.8611    23.4364    27.0733    35.9851    6.50199    6.48520 0.0000e+00
       4019 209.396759     58.456     58.771          1    27.0871  56.665638  56.661411     5.8611    23.4363    27.0735    35.9850    6.50198    6.48518 0.0000e+00
       4020 209.396759     58.456     58.737          1    27.0861  56.666821  56.660343     5.8610    23.4378    27.0726    35.9866    6.50202    6.48522 0.0000e+00
       4021 209.396759     58.342     58.702          1    27.0863  56.668293  56.658169     5.8557    23.4384    27.0728    35.9875    6.50196    6.48517 0.0000e+00
       4022 209.396759     58.395     58.666          1    27.0863  56.668945  56.658268     5.8583    23.4388    27.0728    35.9880    6.50195    6.48515 0.0000e+00
       4023 209.396759     58.289     58.629          1    27.0878  56.669567  56.660942     5.8583    23.4378    27.0743    35.9873    6.50181    6.48502 0.0000e+00
       4024 209.396759     58.342     58.591          1    27.0889  56.669914  56.663746     5.8583    23.4370    27.0754    35.9867    6.50171    6.48492 0.0000e+00
       4025 209.396759     58.175     58.551          1    27.0898  56.670494  56.665367     5.8608    23.4365    27.0763    35.9864    6.50163    6.48483 0.0000e+00
       4026 209.396759     58.228     58.511          1    27.0908  56.671364  56.666088     5.8608    23.4361    27.0773    35.9863    6.50153    6.48473 0.0000e+00
       4027 209.396759     58.114     58.471          1    27.0906  56.673340  56.666618     5.8607    23.4374    27.0771    35.9879    6.50149    6.48470 0.0000e+00
       4028 209.396759     58.175     58.430          1    27.0915  56.674442  56.667034     5.8606    23.4371    27.0780    35.9880    6.50139    6.48460 0.0000e+00
       4029 209.396759     58.001     58.389          1    27.0930  56.674965  56.666958     5.8605    23.4360    27.0795    35.9872    6.50126    6.48446 0.0000e+00
       4030 209.396759     58.061     58.347          1    27.0948  56.675369  56.667068     5.8605    23.4346    27.0813    35.9861    6.50111    6.48431 0.0000e+00
       4031 209.396759     57.947     58.305          1    27.0956  56.675755  56.667583     5.8605    23.4341    27.0822    35.9858    6.50103    6.48423 0.0000e+00
       4032 209.396759     57.947     58.264          1    27.0963  56.675266  56.667507     5.8578    23.4333    27.0828    35.9849    6.50099    6.48420 0.0000e+00
       4033 209.396759     57.887     58.222          1    27.0965  56.675018  56.667316     5.8605    23.4330    27.0830    35.9846    6.50098    6.48419 0.0000e+00
       4034 209.396759     57.887     58.181          1    27.0965  56.675293  56.667793     5.8605    23.4331    27.0831    35.9848    6.50097    6.48418 0.0000e+00
       4035 209.396759     57.780     58.139          1    27.0968  56.675213  56.667957     5.8605    23.4328    27.0834    35.9845    6.50095    6.48415 0.0000e+00
       4036 209.396759     57.834     58.096          1    27.0967  56.675446  56.668072     5.8605    23.4330    27.0833    35.9848    6.50095    6.48415 0.0000e+00
       4037 209.396759     57.720     58.052          1    27.0966  56.675308  56.668224     5.8604    23.4330    27.0832    35.9847    6.50096    6.48416 0.0000e+00
       4038 209.396759     57.720     58.008          1    27.0965  56.675640  56.669003     5.8630    23.4333    27.0831    35.9851    6.50096    6.48417 0.0000e+00
       4039 209.396759     57.553     57.963          1    27.0967  56.676006  56.670044     5.8603    23.4333    27.0833    35.9852    6.50093    6.48414 0.0000e+00
       4040 209.396759     57.667     57.919          1    27.0966  56.676548  56.670193     5.8603    23.4337    27.0833    35.9857    6.50093    6.48413 0.0000e+00
       4041 209.396759     57.439     57.876          1    27.0971  56.677921  56.670326     5.8629    23.4340    27.0837    35.9863    6.50085    6.48406 0.0000e+00
       4042 209.396759     57.553     57.833          1    27.0979  56.678207  56.670784     5.8628    23.4334    27.0846    35.9859    6.50078    6.48398 0.0000e+00
       4043 209.396759     57.439     57.792          1    27.0987  56.678463  56.671314     5.8628    23.4329    27.0853    35.9855    6.50071    6.48392 0.0000e+00
       4044 209.396759     57.378     57.750          1    27.0995  56.678440  56.671497     5.8628    23.4322    27.0861    35.9849    6.50065    6.48385 0.0000e+00
       4045 209.396759     57.378     57.710          1    27.0998  56.678871  56.671234     5.8628    23.4322    27.0864    35.9850    6.50062    6.48382 0.0000e+00
       4046 209.396759     57.325     57.672          1    27.1000  56.678730  56.671597     5.8654    23.4319    27.0866    35.9847    6.50060    6.48381 0.0000e+00
       4047 209.396759     57.325     57.633          1    27.1002  56.678925  56.671913     5.8680    23.4318    27.0869    35.9847    6.50058    6.48378 0.0000e+00
       4048 209.396759     57.272     57.594          1    27.1005  56.678673  56.671688     5.8680    23.4314    27.0872    35.9843    6.50056    6.48377 0.0000e+00
