translate/ONIV_008T.cnv
* Sea-Bird SBE 9 Data File:
* FileName = D:\COMISSOES\2009\OCEANO_NORTE_IV\Bruto\ONIV_008.dat
* Software Version Seasave Win32 V 5.37d
* Temperature SN = 2326
* Conductivity SN = 2002
* Number of Bytes Per Scan = 21
* Number of Voltage Words = 1
* Number of Scans Averaged by the Deck Unit = 1
* NMEA Latitude = 04 29.10 N
* NMEA Longitude = 050 11.66 W
* NMEA UTC (Time) = 20:49:25
** H40
** NOc ANTARES
** 204
** OCEANO N IV
**   008
**   04 29,08 N
**   050 11,64 W
**   06/08/2009 20:47
**   101
** 9P46375-0881
**   1T TANGARI
# nquan = 15                                
# nvalues = 8681                        
# units = specified
# name 0 = scan: Scan Count
# name 1 = timeJ: Julian Days
# name 2 = depSM: Depth [salt water, m]
# name 3 = prDM: Pressure, Digiquartz [db]
# name 4 = pumps: Pump Status
# name 5 = t090C: Temperature [ITS-90, deg C]
# name 6 = c0mS/cm: Conductivity [mS/cm]
# name 7 = c1mS/cm: Conductivity, 2 [mS/cm]
# name 8 = sbeox0Mg/L: Oxygen, SBE 43 [mg/l]
# name 9 = sigma-é00: Density [sigma-theta, kg/m^3]
# name 10 = potemp090C: Potential Temperature [ITS-90, deg C]
# name 11 = sal00: Salinity, Practical [PSU]
# name 12 = oxsolMg/L: Oxygen Saturation, Garcia & Gordon [mg/l]
# name 13 = oxsatMg/L: Oxygen Saturation, Weiss [mg/l]
# name 14 = flag: flag
# span 0 =          1,       8681       
# span 1 = 218.865311, 218.869492       
# span 2 =      0.388,     90.127       
# span 3 =      0.458,     90.570       
# span 4 =          1,          1       
# span 5 =    24.3353,    28.8421       
# span 6 =  45.257187,  56.913700       
# span 7 =  45.304607,  56.904572       
# span 8 =     4.7221,     6.4451       
# span 9 =    16.1545,    24.4883       
# span 10 =    24.3160,    28.8389      
# span 11 =    27.0089,    36.3272      
# span 12 =    6.43592,    6.80239      
# span 13 =    6.41914,    6.78578      
# span 14 = 0.0000e+00, 0.0000e+00      
# interval = seconds: 0.0416667
# start_time = Aug 06 2009 20:46:03 [System UpLoad Time]
# bad_flag = -9.990e-29
*END*
[from data line 1928]
       1929 218.866241     38.023     38.218          1    27.3711  56.857494  56.844616     5.6827    23.2862    27.3622    35.9092    6.47437    6.45763 0.0000e+00
       1930 218.866241     38.076     38.274          1    27.3663  56.857227  56.841148     5.6801    23.2904    27.3574    35.9127    6.47476    6.45801 0.0000e+00
       1931 218.866241     38.076     38.330          1    27.3628  56.855888  56.838131     5.6802    23.2927    27.3539    35.9143    6.47506    6.45832 0.0000e+00
       1932 218.866241     38.190     38.386          1    27.3613  56.854164  56.835823     5.6776    23.2932    27.3524    35.9142    6.47523    6.45848 0.0000e+00
       1933 218.866241     38.190     38.443          1    27.3598  56.852459  56.834156     5.6777    23.2936    27.3509    35.9142    6.47539    6.45864 0.0000e+00
       1934 218.866241     38.190     38.501          1    27.3577  56.849819  56.832184     5.6751    23.2941    27.3487    35.9139    6.47563    6.45888 0.0000e+00
       1935 218.866241     38.417     38.561          1    27.3552  56.847168  56.830460     5.6752    23.2949    27.3463    35.9139    6.47589    6.45914 0.0000e+00
       1936 218.866241     38.364     38.621          1    27.3510  56.844261  56.828979     5.6752    23.2972    27.3420    35.9151    6.47630    6.45955 0.0000e+00
       1937 218.866241     38.531     38.680          1    27.3466  56.841938  56.826797     5.6751    23.2999    27.3376    35.9168    6.47670    6.45995 0.0000e+00
       1938 218.866241     38.531     38.738          1    27.3426  56.839905  56.824883     5.6725    23.3024    27.3336    35.9184    6.47708    6.46032 0.0000e+00
       1939 218.866241     38.584     38.795          1    27.3395  56.838005  56.823654     5.6700    23.3041    27.3305    35.9194    6.47736    6.46061 0.0000e+00
       1940 218.866241     38.645     38.852          1    27.3368  56.836147  56.822193     5.6700    23.3055    27.3278    35.9201    6.47762    6.46087 0.0000e+00
       1941 218.866241     38.759     38.907          1    27.3340  56.835045  56.820885     5.6674    23.3075    27.3249    35.9215    6.47788    6.46112 0.0000e+00
       1942 218.866241     38.751     38.961          1    27.3319  56.833725  56.820641     5.6648    23.3087    27.3228    35.9222    6.47808    6.46132 0.0000e+00
       1943 218.866241     38.812     39.014          1    27.3299  56.833012  56.819977     5.6648    23.3101    27.3208    35.9232    6.47825    6.46150 0.0000e+00
       1944 218.866257     38.865     39.065          1    27.3278  56.832081  56.819237     5.6623    23.3115    27.3188    35.9241    6.47844    6.46169 0.0000e+00
       1945 218.866257     38.926     39.116          1    27.3269  56.831284  56.819012     5.6624    23.3119    27.3178    35.9242    6.47853    6.46178 0.0000e+00
       1946 218.866257     38.979     39.166          1    27.3256  56.831055  56.818478     5.6598    23.3129    27.3165    35.9250    6.47864    6.46188 0.0000e+00
       1947 218.866257     38.979     39.215          1    27.3249  56.829929  56.817795     5.6598    23.3130    27.3158    35.9248    6.47873    6.46198 0.0000e+00
       1948 218.866257     38.979     39.265          1    27.3243  56.829212  56.817059     5.6599    23.3130    27.3152    35.9247    6.47879    6.46204 0.0000e+00
       1949 218.866257     39.146     39.315          1    27.3234  56.828575  56.815845     5.6572    23.3135    27.3143    35.9249    6.47888    6.46213 0.0000e+00
       1950 218.866257     39.093     39.366          1    27.3223  56.827705  56.815048     5.6573    23.3140    27.3132    35.9251    6.47899    6.46223 0.0000e+00
       1951 218.866257     39.146     39.418          1    27.3221  56.827530  56.814842     5.6547    23.3141    27.3130    35.9251    6.47901    6.46226 0.0000e+00
       1952 218.866257     39.267     39.471          1    27.3210  56.827141  56.813969     5.6573    23.3149    27.3119    35.9257    6.47911    6.46235 0.0000e+00
       1953 218.866257     39.320     39.524          1    27.3208  56.826309  56.812943     5.6574    23.3146    27.3116    35.9252    6.47915    6.46239 0.0000e+00
       1954 218.866257     39.374     39.577          1    27.3201  56.824856  56.812473     5.6575    23.3145    27.3109    35.9247    6.47924    6.46249 0.0000e+00
       1955 218.866257     39.381     39.629          1    27.3194  56.824100  56.811371     5.6548    23.3147    27.3102    35.9248    6.47932    6.46256 0.0000e+00
       1956 218.866257     39.487     39.681          1    27.3184  56.823460  56.810406     5.6574    23.3152    27.3092    35.9250    6.47941    6.46265 0.0000e+00
       1957 218.866257     39.548     39.732          1    27.3173  56.822590  56.809856     5.6601    23.3157    27.3081    35.9252    6.47952    6.46276 0.0000e+00
       1958 218.866257     39.601     39.782          1    27.3164  56.821663  56.809341     5.6574    23.3161    27.3072    35.9252    6.47962    6.46286 0.0000e+00
       1959 218.866257     39.601     39.831          1    27.3153  56.820442  56.808643     5.6575    23.3164    27.3061    35.9252    6.47973    6.46298 0.0000e+00
       1960 218.866257     39.601     39.879          1    27.3138  56.820114  56.807999     5.6602    23.3176    27.3046    35.9261    6.47986    6.46310 0.0000e+00
       1961 218.866257     39.768     39.929          1    27.3131  56.819706  56.808075     5.6602    23.3180    27.3038    35.9264    6.47993    6.46317 0.0000e+00
       1962 218.866257     39.715     39.977          1    27.3119  56.819630  56.807693     5.6602    23.3190    27.3027    35.9272    6.48002    6.46326 0.0000e+00
       1963 218.866257     39.776     40.027          1    27.3114  56.820290  56.807030     5.6603    23.3198    27.3021    35.9280    6.48005    6.46329 0.0000e+00
       1964 218.866257     39.882     40.076          1    27.3114  56.821198  56.807091     5.6603    23.3203    27.3021    35.9287    6.48002    6.46327 0.0000e+00
       1965 218.866257     39.882     40.126          1    27.3123  56.821316  56.805912     5.6577    23.3195    27.3030    35.9280    6.47995    6.46319 0.0000e+00
       1966 218.866257     39.996     40.175          1    27.3127  56.819588  56.805386     5.6604    23.3182    27.3034    35.9265    6.47996    6.46321 0.0000e+00
       1967 218.866257     39.996     40.224          1    27.3131  56.817982  56.805405     5.6578    23.3170    27.3037    35.9250    6.47998    6.46322 0.0000e+00
       1968 218.866257     40.057     40.271          1    27.3114  56.816647  56.805939     5.6578    23.3178    27.3021    35.9254    6.48014    6.46339 0.0000e+00
       1969 218.866257     40.110     40.319          1    27.3096  56.816319  56.805992     5.6579    23.3193    27.3002    35.9265    6.48030    6.46354 0.0000e+00
       1970 218.866257     40.170     40.365          1    27.3078  56.815910  56.805386     5.6552    23.3207    27.2984    35.9276    6.48045    6.46369 0.0000e+00
       1971 218.866257     40.170     40.411          1    27.3070  56.815601  56.804230     5.6552    23.3212    27.2976    35.9280    6.48052    6.46376 0.0000e+00
       1972 218.866257     40.277     40.456          1    27.3063  56.815254  56.803623     5.6553    23.3217    27.2969    35.9283    6.48059    6.46383 0.0000e+00
       1973 218.866257     40.277     40.501          1    27.3059  56.815098  56.803528     5.6553    23.3219    27.2965    35.9285    6.48062    6.46386 0.0000e+00
       1974 218.866257     40.390     40.544          1    27.3057  56.815315  56.803017     5.6553    23.3222    27.2963    35.9287    6.48063    6.46387 0.0000e+00
       1975 218.866272     40.337     40.585          1    27.3051  56.815506  56.803188     5.6554    23.3228    27.2957    35.9293    6.48067    6.46391 0.0000e+00
       1976 218.866272     40.451     40.625          1    27.3049  56.815781  56.802963     5.6554    23.3231    27.2955    35.9296    6.48068    6.46392 0.0000e+00
       1977 218.866272     40.390     40.665          1    27.3053  56.815971  56.802963     5.6528    23.3229    27.2959    35.9294    6.48064    6.46388 0.0000e+00
       1978 218.866272     40.565     40.705          1    27.3059  56.816536  56.802773     5.6554    23.3227    27.2964    35.9294    6.48059    6.46383 0.0000e+00
       1979 218.866272     40.504     40.743          1    27.3061  56.816357  56.802639     5.6554    23.3224    27.2967    35.9291    6.48057    6.46382 0.0000e+00
       1980 218.866272     40.557     40.780          1    27.3064  56.815544  56.802620     5.6555    23.3217    27.2969    35.9283    6.48057    6.46381 0.0000e+00
       1981 218.866272     40.618     40.817          1    27.3068  56.815372  56.802620     5.6555    23.3212    27.2974    35.9278    6.48054    6.46378 0.0000e+00
       1982 218.866272     40.671     40.852          1    27.3055  56.815510  56.802620     5.6581    23.3224    27.2960    35.9289    6.48064    6.46389 0.0000e+00
       1983 218.866272     40.679     40.886          1    27.3048  56.816307  56.802906     5.6555    23.3235    27.2953    35.9300    6.48068    6.46392 0.0000e+00
       1984 218.866272     40.679     40.919          1    27.3051  56.816845  56.803059     5.6556    23.3235    27.2956    35.9301    6.48064    6.46388 0.0000e+00
       1985 218.866272     40.732     40.952          1    27.3057  56.817177  56.803078     5.6582    23.3232    27.2962    35.9300    6.48059    6.46383 0.0000e+00
       1986 218.866272     40.785     40.985          1    27.3063  56.817368  56.803078     5.6557    23.3227    27.2968    35.9296    6.48054    6.46378 0.0000e+00
       1987 218.866272     40.785     41.017          1    27.3066  56.817699  56.802849     5.6557    23.3226    27.2971    35.9296    6.48050    6.46375 0.0000e+00
       1988 218.866272     40.846     41.048          1    27.3065  56.817562  56.802887     5.6531    23.3226    27.2970    35.9296    6.48052    6.46376 0.0000e+00
       1989 218.866272     40.899     41.078          1    27.3068  56.817135  56.802814     5.6532    23.3221    27.2973    35.9290    6.48050    6.46374 0.0000e+00
       1990 218.866272     40.846     41.106          1    27.3068  56.817486  56.802887     5.6532    23.3223    27.2973    35.9292    6.48049    6.46373 0.0000e+00
       1991 218.866272     40.960     41.135          1    27.3070  56.817875  56.803040     5.6559    23.3223    27.2974    35.9294    6.48047    6.46371 0.0000e+00
       1992 218.866272     40.960     41.162          1    27.3070  56.818184  56.803135     5.6533    23.3225    27.2975    35.9296    6.48046    6.46370 0.0000e+00
       1993 218.866272     40.960     41.187          1    27.3072  56.818378  56.803097     5.6560    23.3224    27.2976    35.9296    6.48044    6.46369 0.0000e+00
       1994 218.866272     40.960     41.213          1    27.3072  56.819462  56.803078     5.6560    23.3230    27.2976    35.9303    6.48041    6.46365 0.0000e+00
       1995 218.866272     41.013     41.239          1    27.3079  56.820683  56.802795     5.6535    23.3230    27.2983    35.9307    6.48033    6.46357 0.0000e+00
       1996 218.866272     41.066     41.265          1    27.3085  56.820858  56.802925     5.6536    23.3226    27.2989    35.9303    6.48028    6.46352 0.0000e+00
       1997 218.866272     41.073     41.289          1    27.3092  56.820759  56.803059     5.6510    23.3218    27.2997    35.9297    6.48022    6.46346 0.0000e+00
       1998 218.866272     41.073     41.313          1    27.3103  56.820740  56.803078     5.6511    23.3209    27.3007    35.9288    6.48014    6.46338 0.0000e+00
       1999 218.866272     41.126     41.337          1    27.3114  56.820450  56.803078     5.6511    23.3197    27.3018    35.9277    6.48006    6.46330 0.0000e+00
       2000 218.866272     41.126     41.361          1    27.3110  56.820293  56.803364     5.6513    23.3199    27.3015    35.9279    6.48009    6.46333 0.0000e+00
       2001 218.866272     41.180     41.383          1    27.3102  56.819984  56.803230     5.6513    23.3206    27.3006    35.9284    6.48017    6.46341 0.0000e+00
       2002 218.866272     41.180     41.406          1    27.3099  56.819538  56.803097     5.6513    23.3205    27.3003    35.9282    6.48020    6.46344 0.0000e+00
       2003 218.866272     41.180     41.428          1    27.3096  56.819366  56.803078     5.6515    23.3207    27.3000    35.9283    6.48023    6.46347 0.0000e+00
       2004 218.866272     41.240     41.450          1    27.3098  56.818531  56.803078     5.6489    23.3201    27.3001    35.9276    6.48024    6.46348 0.0000e+00
       2005 218.866272     41.240     41.471          1    27.3089  56.818554  56.803082     5.6491    23.3209    27.2992    35.9283    6.48031    6.46355 0.0000e+00
       2006 218.866272     41.240     41.492          1    27.3081  56.818531  56.803082     5.6518    23.3216    27.2985    35.9289    6.48037    6.46361 0.0000e+00
       2007 218.866287     41.293     41.514          1    27.3078  56.818962  56.803135     5.6520    23.3221    27.2981    35.9294    6.48038    6.46363 0.0000e+00
       2008 218.866287     41.293     41.536          1    27.3075  56.819290  56.803101     5.6521    23.3225    27.2979    35.9299    6.48039    6.46364 0.0000e+00
       2009 218.866287     41.293     41.558          1    27.3081  56.818821  56.802853     5.6548    23.3218    27.2985    35.9291    6.48036    6.46360 0.0000e+00
       2010 218.866287     41.354     41.581          1    27.3081  56.818474  56.802891     5.6549    23.3215    27.2985    35.9288    6.48037    6.46361 0.0000e+00
       2011 218.866287     41.354     41.604          1    27.3077  56.818127  56.803329     5.6550    23.3218    27.2980    35.9289    6.48041    6.46365 0.0000e+00
       2012 218.866287     41.407     41.627          1    27.3079  56.817623  56.803234     5.6526    23.3213    27.2983    35.9283    6.48041    6.46365 0.0000e+00
       2013 218.866287     41.407     41.650          1    27.3077  56.817139  56.803101     5.6526    23.3212    27.2980    35.9282    6.48044    6.46368 0.0000e+00
       2014 218.866287     41.468     41.673          1    27.3078  56.816673  56.803307     5.6528    23.3209    27.2981    35.9278    6.48045    6.46369 0.0000e+00
       2015 218.866287     41.407     41.696          1    27.3070  56.816502  56.802982     5.6556    23.3215    27.2973    35.9282    6.48051    6.46376 0.0000e+00
       2016 218.866287     41.468     41.720          1    27.3059  56.816189  56.802910     5.6557    23.3223    27.2962    35.9288    6.48060    6.46385 0.0000e+00
       2017 218.866287     41.521     41.745          1    27.3053  56.816036  56.803043     5.6559    23.3228    27.2956    35.9292    6.48066    6.46390 0.0000e+00
       2018 218.866287     41.521     41.769          1    27.3049  56.816250  56.803596     5.6534    23.3232    27.2952    35.9296    6.48068    6.46392 0.0000e+00
       2019 218.866287     41.521     41.795          1    27.3052  56.816151  56.803707     5.6536    23.3229    27.2955    35.9293    6.48066    6.46391 0.0000e+00
       2020 218.866287     41.635     41.821          1    27.3053  56.815742  56.803288     5.6537    23.3226    27.2956    35.9290    6.48067    6.46391 0.0000e+00
       2021 218.866287     41.574     41.846          1    27.3052  56.815277  56.803616     5.6539    23.3225    27.2955    35.9287    6.48069    6.46393 0.0000e+00
       2022 218.866287     41.635     41.872          1    27.3049  56.815338  56.803707     5.6540    23.3227    27.2952    35.9289    6.48071    6.46395 0.0000e+00
       2023 218.866287     41.688     41.898          1    27.3048  56.815220  56.803802     5.6515    23.3227    27.2951    35.9289    6.48072    6.46396 0.0000e+00
       2024 218.866287     41.635     41.925          1    27.3046  56.815105  56.803955     5.6489    23.3229    27.2948    35.9290    6.48074    6.46398 0.0000e+00
