translate/ONIV_005T.cnv
* Sea-Bird SBE 9 Data File:
* FileName = D:\COMISSOES\2009\OCEANO_NORTE_IV\Bruto\ONIV_005.dat
* Software Version Seasave Win32 V 5.37d
* Temperature SN = 2896
* Conductivity SN = 1499
* Number of Bytes Per Scan = 21
* Number of Voltage Words = 1
* Number of Scans Averaged by the Deck Unit = 1
* NMEA Latitude = 03 02.42 N
* NMEA Longitude = 048 39.93 W
* NMEA UTC (Time) = 23:28:27
** H40
** NOc ANTARES
** 204
** OCEANO N IV
**    005
**   03 02.25 N
**   048 39.88 W
**   25/07/2009 23:22
**   84
** 9P46375-0881
**   1T TANGARI
# nquan = 15                                
# nvalues = 10548                       
# units = specified
# name 0 = scan: Scan Count
# name 1 = timeJ: Julian Days
# name 2 = depSM: Depth [salt water, m]
# name 3 = prDM: Pressure, Digiquartz [db]
# name 4 = pumps: Pump Status
# name 5 = t090C: Temperature [ITS-90, deg C]
# name 6 = c0mS/cm: Conductivity [mS/cm]
# name 7 = c1mS/cm: Conductivity, 2 [mS/cm]
# name 8 = sbeox0Mg/L: Oxygen, SBE 43 [mg/l]
# name 9 = sigma-é00: Density [sigma-theta, kg/m^3]
# name 10 = potemp090C: Potential Temperature [ITS-90, deg C]
# name 11 = sal00: Salinity, Practical [PSU]
# name 12 = oxsolMg/L: Oxygen Saturation, Garcia & Gordon [mg/l]
# name 13 = oxsatMg/L: Oxygen Saturation, Weiss [mg/l]
# name 14 = flag: flag
# span 0 =          1,      10548       
# span 1 = 206.976013, 206.981094       
# span 2 =     -0.953,     70.849       
# span 3 =     -0.823,     71.167       
# span 4 =          1,          1       
# span 5 =    26.4918,    27.8596       
# span 6 =  56.182270,  57.213493       
# span 7 =  56.138206,  57.225021       
# span 8 =     0.1748,     5.8808       
# span 9 =    22.9428,    23.9785       
# span 10 =    26.4759,    27.8595      
# span 11 =    35.6660,    36.4511      
# span 12 =    6.42845,    6.56038      
# span 13 =    6.41183,    6.54351      
# span 14 = 0.0000e+00, 0.0000e+00      
# interval = seconds: 0.0416667
# start_time = Jul 25 2009 23:25:27 [System UpLoad Time]
# bad_flag = -9.990e-29
*END*
[from data line 386]
        387 206.976196      1.147      1.140          1    27.8436  57.155972  57.179417     4.0707    23.0254    27.8433    35.7704    6.42938    6.41275 0.0000e+00
        388 206.976196      1.177      1.142          1    27.8436  57.156517  57.178654     4.0707    23.0257    27.8433    35.7708    6.42936    6.41274 0.0000e+00
        389 206.976196      1.147      1.142          1    27.8436  57.156364  57.177914     4.0708    23.0256    27.8433    35.7707    6.42937    6.41274 0.0000e+00
        390 206.976196      1.147      1.142          1    27.8435  57.156441  57.177761     4.0733    23.0257    27.8433    35.7707    6.42937    6.41274 0.0000e+00
        391 206.976196      1.147      1.141          1    27.8436  57.156559  57.178104     4.0759    23.0257    27.8433    35.7708    6.42936    6.41274 0.0000e+00
        392 206.976196      1.177      1.140          1    27.8436  57.156090  57.178558     4.0785    23.0254    27.8433    35.7705    6.42937    6.41275 0.0000e+00
        393 206.976196      1.147      1.137          1    27.8438  57.156025  57.178391     4.0812    23.0252    27.8435    35.7703    6.42936    6.41273 0.0000e+00
        394 206.976196      1.208      1.132          1    27.8434  57.156155  57.177036     4.0837    23.0256    27.8431    35.7706    6.42938    6.41276 0.0000e+00
        395 206.976196      1.094      1.125          1    27.8437  57.155926  57.175533     4.0890    23.0252    27.8434    35.7703    6.42937    6.41274 0.0000e+00
        396 206.976196      1.147      1.118          1    27.8436  57.156002  57.174488     4.0915    23.0254    27.8433    35.7704    6.42937    6.41275 0.0000e+00
        397 206.976196      1.117      1.110          1    27.8434  57.156155  57.173405     4.0967    23.0256    27.8431    35.7706    6.42938    6.41276 0.0000e+00
        398 206.976196      1.094      1.102          1    27.8436  57.156189  57.172207     4.1019    23.0255    27.8433    35.7705    6.42937    6.41274 0.0000e+00
        399 206.976196      1.147      1.093          1    27.8436  57.155926  57.171959     4.1097    23.0254    27.8433    35.7704    6.42938    6.41275 0.0000e+00
        400 206.976196      1.094      1.082          1    27.8435  57.156002  57.171921     4.1123    23.0254    27.8433    35.7704    6.42938    6.41275 0.0000e+00
        401 206.976196      1.094      1.070          1    27.8434  57.156384  57.171734     4.1149    23.0258    27.8432    35.7708    6.42938    6.41275 0.0000e+00
        402 206.976196      1.064      1.057          1    27.8436  57.156097  57.172192     4.1227    23.0255    27.8433    35.7705    6.42937    6.41275 0.0000e+00
        403 206.976196      1.033      1.044          1    27.8438  57.155804  57.172646     4.1304    23.0251    27.8435    35.7701    6.42936    6.41274 0.0000e+00
        404 206.976196      1.094      1.029          1    27.8436  57.155750  57.172909     4.1382    23.0253    27.8433    35.7703    6.42938    6.41276 0.0000e+00
        405 206.976196      0.980      1.014          1    27.8437  57.156475  57.172741     4.1434    23.0256    27.8435    35.7707    6.42935    6.41273 0.0000e+00
        406 206.976196      1.003      0.998          1    27.8436  57.156483  57.173466     4.1512    23.0257    27.8433    35.7708    6.42936    6.41274 0.0000e+00
        407 206.976196      0.980      0.982          1    27.8442  57.156242  57.174759     4.1564    23.0250    27.8439    35.7702    6.42932    6.41270 0.0000e+00
        408 206.976196      0.980      0.966          1    27.8440  57.156185  57.175842     4.1616    23.0252    27.8437    35.7703    6.42934    6.41271 0.0000e+00
        409 206.976196      0.980      0.949          1    27.8440  57.155926  57.176373     4.1668    23.0250    27.8437    35.7701    6.42935    6.41272 0.0000e+00
        410 206.976212      0.927      0.931          1    27.8439  57.156494  57.176693     4.1720    23.0254    27.8437    35.7705    6.42933    6.41271 0.0000e+00
        411 206.976212      0.950      0.912          1    27.8440  57.155724  57.177055     4.1772    23.0249    27.8437    35.7700    6.42935    6.41272 0.0000e+00
        412 206.976212      0.927      0.892          1    27.8436  57.155499  57.177608     4.1850    23.0252    27.8434    35.7701    6.42939    6.41276 0.0000e+00
        413 206.976212      0.813      0.871          1    27.8442  57.156155  57.177532     4.1876    23.0250    27.8440    35.7701    6.42932    6.41270 0.0000e+00
        414 206.976212      0.866      0.850          1    27.8440  57.156528  57.177341     4.1927    23.0254    27.8438    35.7706    6.42933    6.41270 0.0000e+00
        415 206.976212      0.836      0.829          1    27.8443  57.155857  57.176846     4.1980    23.0247    27.8441    35.7698    6.42932    6.41269 0.0000e+00
        416 206.976212      0.813      0.808          1    27.8445  57.156109  57.176979     4.1980    23.0246    27.8443    35.7698    6.42929    6.41267 0.0000e+00
        417 206.976212      0.753      0.787          1    27.8449  57.156044  57.177246     4.2032    23.0243    27.8447    35.7695    6.42927    6.41264 0.0000e+00
        418 206.976212      0.753      0.766          1    27.8455  57.155308  57.177357     4.2084    23.0234    27.8453    35.7686    6.42924    6.41262 0.0000e+00
        419 206.976212      0.813      0.746          1    27.8460  57.155914  57.177605     4.2110    23.0232    27.8458    35.7686    6.42918    6.41256 0.0000e+00
        420 206.976212      0.669      0.724          1    27.8461  57.156479  57.177738     4.2162    23.0234    27.8460    35.7689    6.42916    6.41253 0.0000e+00
        421 206.976212      0.699      0.703          1    27.8466  57.156086  57.177071     4.2188    23.0228    27.8464    35.7683    6.42913    6.41251 0.0000e+00
        422 206.976212      0.699      0.682          1    27.8466  57.155788  57.177303     4.2215    23.0226    27.8464    35.7681    6.42914    6.41252 0.0000e+00
        423 206.976212      0.639      0.660          1    27.8468  57.155746  57.178196     4.2240    23.0225    27.8466    35.7679    6.42913    6.41250 0.0000e+00
        424 206.976212      0.608      0.639          1    27.8467  57.155483  57.178497     4.2292    23.0224    27.8465    35.7678    6.42914    6.41252 0.0000e+00
        425 206.976212      0.639      0.619          1    27.8470  57.155563  57.177544     4.2319    23.0222    27.8468    35.7676    6.42911    6.41249 0.0000e+00
        426 206.976212      0.586      0.599          1    27.8477  57.155449  57.176937     4.2319    23.0214    27.8476    35.7670    6.42906    6.41243 0.0000e+00
        427 206.976212      0.586      0.578          1    27.8483  57.154835  57.176670     4.2370    23.0206    27.8482    35.7661    6.42903    6.41241 0.0000e+00
        428 206.976212      0.533      0.557          1    27.8491  57.154751  57.176956     4.2396    23.0199    27.8489    35.7655    6.42897    6.41235 0.0000e+00
        429 206.976212      0.502      0.538          1    27.8497  57.154587  57.178272     4.2423    23.0192    27.8496    35.7649    6.42893    6.41230 0.0000e+00
        430 206.976212      0.533      0.519          1    27.8504  57.155178  57.179127     4.2423    23.0189    27.8502    35.7648    6.42886    6.41224 0.0000e+00
        431 206.976212      0.472      0.500          1    27.8500  57.154903  57.180248     4.2423    23.0191    27.8499    35.7649    6.42890    6.41227 0.0000e+00
        432 206.976212      0.472      0.481          1    27.8506  57.155003  57.181427     4.2449    23.0187    27.8505    35.7646    6.42885    6.41223 0.0000e+00
        433 206.976212      0.502      0.463          1    27.8510  57.154762  57.182796     4.2448    23.0181    27.8509    35.7640    6.42882    6.41220 0.0000e+00
        434 206.976212      0.419      0.444          1    27.8523  57.154751  57.184128     4.2475    23.0170    27.8521    35.7631    6.42872    6.41210 0.0000e+00
        435 206.976212      0.419      0.425          1    27.8528  57.154583  57.184963     4.2449    23.0164    27.8527    35.7626    6.42869    6.41206 0.0000e+00
        436 206.976212      0.358      0.407          1    27.8530  57.154949  57.185589     4.2449    23.0165    27.8529    35.7627    6.42866    6.41204 0.0000e+00
        437 206.976212      0.358      0.390          1    27.8520  57.154297  57.186314     4.2449    23.0170    27.8519    35.7630    6.42875    6.41213 0.0000e+00
        438 206.976212      0.388      0.375          1    27.8507  57.153938  57.186329     4.2475    23.0180    27.8506    35.7638    6.42887    6.41224 0.0000e+00
        439 206.976212      0.358      0.359          1    27.8498  57.154202  57.186272     4.2475    23.0189    27.8497    35.7646    6.42893    6.41230 0.0000e+00
        440 206.976212      0.305      0.343          1    27.8485  57.153938  57.186501     4.2475    23.0200    27.8484    35.7655    6.42904    6.41241 0.0000e+00
        441 206.976212      0.305      0.329          1    27.8474  57.154148  57.186348     4.2450    23.0211    27.8473    35.7664    6.42912    6.41249 0.0000e+00
        442 206.976227      0.275      0.316          1    27.8467  57.154160  57.186558     4.2424    23.0217    27.8466    35.7670    6.42917    6.41255 0.0000e+00
        443 206.976227      0.305      0.304          1    27.8455  57.154552  57.186138     4.2424    23.0230    27.8454    35.7682    6.42926    6.41263 0.0000e+00
        444 206.976227      0.305      0.292          1    27.8449  57.154366  57.185795     4.2399    23.0234    27.8449    35.7685    6.42930    6.41268 0.0000e+00
        445 206.976227      0.244      0.280          1    27.8447  57.154091  57.186081     4.2372    23.0235    27.8446    35.7684    6.42933    6.41270 0.0000e+00
        446 206.976227      0.275      0.268          1    27.8443  57.154236  57.186481     4.2373    23.0239    27.8443    35.7688    6.42935    6.41273 0.0000e+00
        447 206.976227      0.244      0.257          1    27.8439  57.153709  57.187263     4.2347    23.0240    27.8438    35.7688    6.42940    6.41277 0.0000e+00
        448 206.976227      0.191      0.247          1    27.8436  57.153252  57.187374     4.2347    23.0241    27.8435    35.7687    6.42943    6.41281 0.0000e+00
        449 206.976227      0.244      0.238          1    27.8436  57.153656  57.187222     4.2295    23.0243    27.8435    35.7690    6.42942    6.41280 0.0000e+00
        450 206.976227      0.214      0.229          1    27.8436  57.153984  57.186668     4.2269    23.0245    27.8435    35.7692    6.42942    6.41279 0.0000e+00
        451 206.976227      0.191      0.221          1    27.8432  57.153545  57.186272     4.2243    23.0246    27.8431    35.7692    6.42946    6.41283 0.0000e+00
        452 206.976227      0.191      0.214          1    27.8431  57.153481  57.186481     4.2192    23.0246    27.8431    35.7692    6.42946    6.41284 0.0000e+00
        453 206.976227      0.191      0.208          1    27.8432  57.153088  57.186462     4.2166    23.0243    27.8431    35.7689    6.42947    6.41284 0.0000e+00
        454 206.976227      0.191      0.203          1    27.8430  57.152779  57.186539     4.2140    23.0243    27.8430    35.7688    6.42949    6.41286 0.0000e+00
        455 206.976227      0.161      0.198          1    27.8428  57.152725  57.187206     4.2114    23.0245    27.8428    35.7689    6.42951    6.41288 0.0000e+00
        456 206.976227      0.191      0.194          1    27.8428  57.152035  57.187412     4.2062    23.0241    27.8428    35.7685    6.42952    6.41290 0.0000e+00
        457 206.976227      0.191      0.191          1    27.8426  57.151279  57.187241     4.2010    23.0239    27.8426    35.7681    6.42956    6.41293 0.0000e+00
        458 206.976227      0.191      0.188          1    27.8425  57.150547  57.186611     4.1985    23.0236    27.8424    35.7677    6.42959    6.41296 0.0000e+00
        459 206.976227      0.161      0.185          1    27.8425  57.149738  57.185795     4.1958    23.0232    27.8424    35.7671    6.42961    6.41298 0.0000e+00
        460 206.976227      0.130      0.183          1    27.8423  57.149136  57.185360     4.1932    23.0231    27.8422    35.7668    6.42964    6.41301 0.0000e+00
        461 206.976227      0.191      0.182          1    27.8425  57.148907  57.185112     4.1880    23.0228    27.8424    35.7665    6.42963    6.41300 0.0000e+00
        462 206.976227      0.130      0.182          1    27.8422  57.147923  57.184654     4.1881    23.0225    27.8422    35.7660    6.42967    6.41305 0.0000e+00
        463 206.976227      0.161      0.183          1    27.8421  57.147278  57.184406     4.1854    23.0222    27.8421    35.7657    6.42970    6.41307 0.0000e+00
        464 206.976227      0.130      0.186          1    27.8425  57.147430  57.184200     4.1828    23.0220    27.8424    35.7655    6.42967    6.41304 0.0000e+00
        465 206.976227      0.191      0.190          1    27.8421  57.146828  57.183685     4.1802    23.0220    27.8421    35.7653    6.42971    6.41309 0.0000e+00
        466 206.976227      0.191      0.195          1    27.8423  57.146172  57.183933     4.1802    23.0215    27.8422    35.7647    6.42972    6.41309 0.0000e+00
        467 206.976227      0.214      0.199          1    27.8420  57.145668  57.183552     4.1776    23.0215    27.8420    35.7646    6.42975    6.41312 0.0000e+00
        468 206.976227      0.130      0.204          1    27.8423  57.145485  57.183609     4.1776    23.0211    27.8422    35.7643    6.42973    6.41311 0.0000e+00
        469 206.976227      0.191      0.211          1    27.8423  57.145199  57.182999     4.1749    23.0210    27.8422    35.7640    6.42974    6.41311 0.0000e+00
        470 206.976227      0.191      0.219          1    27.8423  57.145771  57.182087     4.1724    23.0213    27.8422    35.7645    6.42973    6.41310 0.0000e+00
        471 206.976227      0.191      0.229          1    27.8421  57.145264  57.181347     4.1724    23.0212    27.8420    35.7642    6.42975    6.41313 0.0000e+00
        472 206.976227      0.214      0.239          1    27.8424  57.145191  57.180035     4.1723    23.0209    27.8423    35.7639    6.42973    6.41310 0.0000e+00
        473 206.976242      0.191      0.252          1    27.8421  57.145638  57.178627     4.1698    23.0214    27.8420    35.7645    6.42974    6.41312 0.0000e+00
        474 206.976242      0.244      0.266          1    27.8421  57.145634  57.177143     4.1698    23.0214    27.8420    35.7645    6.42974    6.41312 0.0000e+00
        475 206.976242      0.244      0.281          1    27.8423  57.145725  57.176136     4.1697    23.0212    27.8422    35.7644    6.42973    6.41310 0.0000e+00
        476 206.976242      0.275      0.298          1    27.8423  57.145638  57.176731     4.1671    23.0212    27.8422    35.7643    6.42973    6.41310 0.0000e+00
        477 206.976242      0.305      0.316          1    27.8423  57.145229  57.176708     4.1671    23.0210    27.8422    35.7640    6.42974    6.41311 0.0000e+00
        478 206.976242      0.305      0.335          1    27.8424  57.145046  57.176445     4.1671    23.0208    27.8423    35.7638    6.42974    6.41311 0.0000e+00
        479 206.976242      0.358      0.354          1    27.8423  57.145256  57.175358     4.1671    23.0210    27.8422    35.7640    6.42974    6.41311 0.0000e+00
        480 206.976242      0.328      0.374          1    27.8425  57.145432  57.174618     4.1645    23.0209    27.8424    35.7640    6.42972    6.41309 0.0000e+00
        481 206.976242      0.358      0.395          1    27.8428  57.145233  57.173969     4.1671    23.0205    27.8427    35.7636    6.42970    6.41307 0.0000e+00
