translate/ONIV_005T.cnv
* Sea-Bird SBE 9 Data File:
* FileName = D:\COMISSOES\2009\OCEANO_NORTE_IV\Bruto\ONIV_005.dat
* Software Version Seasave Win32 V 5.37d
* Temperature SN = 2896
* Conductivity SN = 1499
* Number of Bytes Per Scan = 21
* Number of Voltage Words = 1
* Number of Scans Averaged by the Deck Unit = 1
* NMEA Latitude = 03 02.42 N
* NMEA Longitude = 048 39.93 W
* NMEA UTC (Time) = 23:28:27
** H40
** NOc ANTARES
** 204
** OCEANO N IV
**    005
**   03 02.25 N
**   048 39.88 W
**   25/07/2009 23:22
**   84
** 9P46375-0881
**   1T TANGARI
# nquan = 15                                
# nvalues = 10548                       
# units = specified
# name 0 = scan: Scan Count
# name 1 = timeJ: Julian Days
# name 2 = depSM: Depth [salt water, m]
# name 3 = prDM: Pressure, Digiquartz [db]
# name 4 = pumps: Pump Status
# name 5 = t090C: Temperature [ITS-90, deg C]
# name 6 = c0mS/cm: Conductivity [mS/cm]
# name 7 = c1mS/cm: Conductivity, 2 [mS/cm]
# name 8 = sbeox0Mg/L: Oxygen, SBE 43 [mg/l]
# name 9 = sigma-é00: Density [sigma-theta, kg/m^3]
# name 10 = potemp090C: Potential Temperature [ITS-90, deg C]
# name 11 = sal00: Salinity, Practical [PSU]
# name 12 = oxsolMg/L: Oxygen Saturation, Garcia & Gordon [mg/l]
# name 13 = oxsatMg/L: Oxygen Saturation, Weiss [mg/l]
# name 14 = flag: flag
# span 0 =          1,      10548       
# span 1 = 206.976013, 206.981094       
# span 2 =     -0.953,     70.849       
# span 3 =     -0.823,     71.167       
# span 4 =          1,          1       
# span 5 =    26.4918,    27.8596       
# span 6 =  56.182270,  57.213493       
# span 7 =  56.138206,  57.225021       
# span 8 =     0.1748,     5.8808       
# span 9 =    22.9428,    23.9785       
# span 10 =    26.4759,    27.8595      
# span 11 =    35.6660,    36.4511      
# span 12 =    6.42845,    6.56038      
# span 13 =    6.41183,    6.54351      
# span 14 = 0.0000e+00, 0.0000e+00      
# interval = seconds: 0.0416667
# start_time = Jul 25 2009 23:25:27 [System UpLoad Time]
# bad_flag = -9.990e-29
*END*
[from data line 290]
        291 206.976151      0.927      0.985          1    27.8464  57.158440  57.171009     4.4751    23.0242    27.8462    35.7700    6.42909    6.41247 0.0000e+00
        292 206.976151      0.981      0.964          1    27.8464  57.158451  57.171333     4.4726    23.0242    27.8461    35.7701    6.42909    6.41247 0.0000e+00
        293 206.976151      0.981      0.942          1    27.8462  57.158585  57.171333     4.4700    23.0244    27.8460    35.7703    6.42910    6.41248 0.0000e+00
        294 206.976151      0.927      0.918          1    27.8462  57.158470  57.171066     4.4700    23.0244    27.8460    35.7702    6.42910    6.41248 0.0000e+00
        295 206.976151      0.897      0.894          1    27.8460  57.158089  57.170761     4.4674    23.0243    27.8458    35.7701    6.42913    6.41251 0.0000e+00
        296 206.976151      0.867      0.869          1    27.8460  57.157917  57.171200     4.4649    23.0243    27.8458    35.7700    6.42914    6.41251 0.0000e+00
        297 206.976151      0.867      0.844          1    27.8455  57.158352  57.171143     4.4622    23.0250    27.8453    35.7707    6.42916    6.41254 0.0000e+00
        298 206.976151      0.814      0.818          1    27.8455  57.158176  57.170780     4.4597    23.0249    27.8453    35.7706    6.42917    6.41254 0.0000e+00
        299 206.976151      0.783      0.792          1    27.8449  57.158169  57.170399     4.4545    23.0254    27.8447    35.7710    6.42921    6.41259 0.0000e+00
        300 206.976151      0.814      0.765          1    27.8449  57.158031  57.170475     4.4493    23.0253    27.8447    35.7709    6.42921    6.41259 0.0000e+00
        301 206.976151      0.700      0.738          1    27.8452  57.157417  57.170475     4.4493    23.0247    27.8450    35.7703    6.42921    6.41258 0.0000e+00
        302 206.976151      0.700      0.711          1    27.8453  57.157562  57.170570     4.4442    23.0247    27.8451    35.7703    6.42920    6.41257 0.0000e+00
        303 206.976151      0.700      0.684          1    27.8455  57.157608  57.170666     4.4390    23.0246    27.8453    35.7702    6.42918    6.41256 0.0000e+00
        304 206.976151      0.609      0.658          1    27.8453  57.157719  57.170513     4.4338    23.0248    27.8451    35.7704    6.42919    6.41257 0.0000e+00
        305 206.976151      0.639      0.632          1    27.8455  57.157860  57.170570     4.4287    23.0248    27.8453    35.7704    6.42917    6.41255 0.0000e+00
        306 206.976151      0.586      0.606          1    27.8454  57.157627  57.169861     4.4235    23.0247    27.8452    35.7703    6.42919    6.41256 0.0000e+00
        307 206.976151      0.586      0.581          1    27.8453  57.157475  57.169731     4.4183    23.0247    27.8452    35.7703    6.42920    6.41257 0.0000e+00
        308 206.976151      0.503      0.556          1    27.8453  57.157192  57.170284     4.4132    23.0246    27.8452    35.7701    6.42920    6.41258 0.0000e+00
        309 206.976151      0.586      0.532          1    27.8453  57.157040  57.170341     4.4080    23.0245    27.8452    35.7700    6.42921    6.41258 0.0000e+00
        310 206.976151      0.419      0.508          1    27.8455  57.157017  57.170074     4.4028    23.0243    27.8453    35.7699    6.42919    6.41257 0.0000e+00
        311 206.976151      0.472      0.485          1    27.8454  57.157509  57.170341     4.3950    23.0247    27.8453    35.7703    6.42919    6.41256 0.0000e+00
        312 206.976151      0.472      0.463          1    27.8455  57.157345  57.170341     4.3899    23.0245    27.8454    35.7701    6.42919    6.41256 0.0000e+00
        313 206.976151      0.442      0.441          1    27.8455  57.156807  57.170074     4.3821    23.0242    27.8454    35.7697    6.42920    6.41257 0.0000e+00
        314 206.976151      0.358      0.420          1    27.8456  57.157322  57.170113     4.3769    23.0244    27.8455    35.7700    6.42917    6.41255 0.0000e+00
        315 206.976166      0.419      0.399          1    27.8456  57.157310  57.169922     4.3665    23.0243    27.8455    35.7700    6.42917    6.41255 0.0000e+00
        316 206.976166      0.305      0.380          1    27.8458  57.157333  57.170132     4.3614    23.0243    27.8457    35.7699    6.42916    6.41254 0.0000e+00
        317 206.976166      0.328      0.362          1    27.8458  57.157429  57.170227     4.3562    23.0242    27.8458    35.7699    6.42915    6.41253 0.0000e+00
        318 206.976166      0.358      0.345          1    27.8460  57.156960  57.169422     4.3458    23.0238    27.8459    35.7695    6.42915    6.41253 0.0000e+00
        319 206.976166      0.305      0.329          1    27.8456  57.156860  57.169273     4.3406    23.0241    27.8456    35.7697    6.42918    6.41256 0.0000e+00
        320 206.976166      0.245      0.314          1    27.8456  57.156982  57.169086     4.3329    23.0242    27.8455    35.7698    6.42918    6.41256 0.0000e+00
        321 206.976166      0.275      0.301          1    27.8458  57.157276  57.168896     4.3251    23.0242    27.8458    35.7698    6.42916    6.41253 0.0000e+00
        322 206.976166      0.305      0.289          1    27.8455  57.157166  57.168858     4.3148    23.0244    27.8454    35.7700    6.42919    6.41256 0.0000e+00
        323 206.976166      0.245      0.277          1    27.8455  57.157299  57.168686     4.3069    23.0245    27.8454    35.7701    6.42918    6.41256 0.0000e+00
        324 206.976166      0.192      0.266          1    27.8456  57.156475  57.168171     4.3018    23.0239    27.8456    35.7694    6.42919    6.41257 0.0000e+00
        325 206.976166      0.245      0.258          1    27.8456  57.156082  57.168190     4.2940    23.0238    27.8455    35.7692    6.42921    6.41258 0.0000e+00
        326 206.976166      0.214      0.250          1    27.8456  57.156612  57.168190     4.2888    23.0240    27.8456    35.7695    6.42919    6.41256 0.0000e+00
        327 206.976166      0.192      0.245          1    27.8455  57.156731  57.167946     4.2810    23.0242    27.8454    35.7697    6.42920    6.41257 0.0000e+00
        328 206.976166      0.245      0.240          1    27.8456  57.156841  57.167870     4.2758    23.0241    27.8456    35.7697    6.42918    6.41256 0.0000e+00
        329 206.976166      0.192      0.237          1    27.8453  57.156982  57.167469     4.2680    23.0245    27.8452    35.7700    6.42921    6.41258 0.0000e+00
        330 206.976166      0.214      0.235          1    27.8452  57.156555  57.167049     4.2628    23.0244    27.8452    35.7698    6.42922    6.41260 0.0000e+00
        331 206.976166      0.192      0.234          1    27.8455  57.156696  57.167183     4.2550    23.0242    27.8454    35.7697    6.42920    6.41258 0.0000e+00
        332 206.976166      0.192      0.235          1    27.8453  57.156731  57.166973     4.2499    23.0244    27.8452    35.7699    6.42921    6.41259 0.0000e+00
        333 206.976166      0.245      0.237          1    27.8453  57.156609  57.167107     4.2421    23.0243    27.8452    35.7698    6.42922    6.41259 0.0000e+00
        334 206.976166      0.161      0.240          1    27.8453  57.157070  57.167068     4.2369    23.0245    27.8452    35.7701    6.42920    6.41258 0.0000e+00
        335 206.976166      0.245      0.244          1    27.8448  57.156906  57.166573     4.2317    23.0249    27.8448    35.7703    6.42924    6.41262 0.0000e+00
        336 206.976166      0.192      0.250          1    27.8447  57.156631  57.166653     4.2265    23.0248    27.8447    35.7702    6.42926    6.41264 0.0000e+00
        337 206.976166      0.245      0.258          1    27.8445  57.156807  57.167130     4.2187    23.0251    27.8445    35.7705    6.42927    6.41264 0.0000e+00
        338 206.976166      0.214      0.267          1    27.8445  57.156982  57.167088     4.2109    23.0252    27.8445    35.7706    6.42927    6.41264 0.0000e+00
        339 206.976166      0.305      0.276          1    27.8440  57.157013  57.167316     4.2083    23.0257    27.8439    35.7711    6.42931    6.41269 0.0000e+00
        340 206.976166      0.245      0.286          1    27.8441  57.157017  57.167183     4.2006    23.0256    27.8440    35.7710    6.42930    6.41268 0.0000e+00
        341 206.976166      0.245      0.298          1    27.8440  57.157276  57.167507     4.1953    23.0259    27.8439    35.7713    6.42930    6.41268 0.0000e+00
        342 206.976166      0.305      0.310          1    27.8436  57.157166  57.167641     4.1902    23.0261    27.8435    35.7715    6.42934    6.41271 0.0000e+00
        343 206.976166      0.328      0.324          1    27.8434  57.157299  57.168041     4.1823    23.0264    27.8433    35.7717    6.42935    6.41272 0.0000e+00
        344 206.976166      0.245      0.338          1    27.8428  57.157169  57.168003     4.1745    23.0268    27.8427    35.7720    6.42940    6.41277 0.0000e+00
        345 206.976166      0.358      0.354          1    27.8428  57.157532  57.168228     4.1693    23.0271    27.8427    35.7723    6.42939    6.41277 0.0000e+00
        346 206.976166      0.358      0.371          1    27.8426  57.157345  57.169186     4.1641    23.0271    27.8426    35.7723    6.42940    6.41278 0.0000e+00
        347 206.976181      0.389      0.389          1    27.8426  57.157562  57.169182     4.1589    23.0272    27.8426    35.7724    6.42940    6.41277 0.0000e+00
        348 206.976181      0.358      0.406          1    27.8426  57.157345  57.169029     4.1537    23.0271    27.8425    35.7723    6.42940    6.41278 0.0000e+00
        349 206.976181      0.358      0.426          1    27.8426  57.157333  57.168667     4.1511    23.0270    27.8425    35.7723    6.42941    6.41278 0.0000e+00
        350 206.976181      0.472      0.447          1    27.8430  57.157467  57.168953     4.1433    23.0268    27.8429    35.7721    6.42938    6.41275 0.0000e+00
        351 206.976181      0.442      0.468          1    27.8426  57.157696  57.169373     4.1407    23.0272    27.8425    35.7725    6.42940    6.41277 0.0000e+00
        352 206.976181      0.472      0.490          1    27.8426  57.157364  57.169125     4.1355    23.0271    27.8425    35.7723    6.42941    6.41278 0.0000e+00
        353 206.976181      0.472      0.513          1    27.8430  57.157299  57.169640     4.1303    23.0267    27.8429    35.7719    6.42938    6.41275 0.0000e+00
        354 206.976181      0.533      0.537          1    27.8430  57.157917  57.169960     4.1276    23.0270    27.8429    35.7724    6.42936    6.41274 0.0000e+00
        355 206.976181      0.586      0.561          1    27.8430  57.158012  57.169830     4.1250    23.0271    27.8428    35.7724    6.42936    6.41274 0.0000e+00
        356 206.976181      0.556      0.585          1    27.8430  57.157417  57.170574     4.1224    23.0267    27.8429    35.7720    6.42938    6.41275 0.0000e+00
        357 206.976181      0.586      0.609          1    27.8430  57.157562  57.171753     4.1197    23.0268    27.8429    35.7721    6.42937    6.41275 0.0000e+00
        358 206.976181      0.639      0.634          1    27.8432  57.157608  57.173199     4.1120    23.0267    27.8430    35.7720    6.42936    6.41273 0.0000e+00
        359 206.976181      0.639      0.659          1    27.8432  57.157719  57.173347     4.1145    23.0267    27.8430    35.7720    6.42936    6.41273 0.0000e+00
        360 206.976181      0.669      0.685          1    27.8431  57.157597  57.172585     4.1145    23.0267    27.8430    35.7720    6.42936    6.41274 0.0000e+00
        361 206.976181      0.700      0.711          1    27.8430  57.157707  57.171501     4.1093    23.0269    27.8429    35.7721    6.42937    6.41274 0.0000e+00
        362 206.976181      0.753      0.737          1    27.8432  57.157597  57.170303     4.1066    23.0266    27.8430    35.7719    6.42936    6.41273 0.0000e+00
        363 206.976181      0.753      0.763          1    27.8430  57.157249  57.169315     4.1092    23.0266    27.8428    35.7718    6.42938    6.41276 0.0000e+00
        364 206.976181      0.813      0.788          1    27.8434  57.157284  57.169258     4.1066    23.0263    27.8432    35.7715    6.42935    6.41273 0.0000e+00
        365 206.976181      0.836      0.813          1    27.8433  57.157192  57.169830     4.1066    23.0263    27.8431    35.7715    6.42936    6.41274 0.0000e+00
        366 206.976181      0.813      0.836          1    27.8434  57.156788  57.170975     4.1041    23.0260    27.8432    35.7712    6.42936    6.41274 0.0000e+00
        367 206.976181      0.867      0.860          1    27.8430  57.157589  57.172211     4.1015    23.0268    27.8428    35.7720    6.42937    6.41275 0.0000e+00
        368 206.976181      0.927      0.883          1    27.8434  57.158222  57.173428     4.1016    23.0268    27.8432    35.7722    6.42933    6.41270 0.0000e+00
        369 206.976181      0.897      0.905          1    27.8434  57.157345  57.173958     4.0990    23.0263    27.8432    35.7715    6.42935    6.41273 0.0000e+00
        370 206.976181      0.927      0.927          1    27.8433  57.157185  57.174091     4.0990    23.0263    27.8431    35.7715    6.42936    6.41274 0.0000e+00
        371 206.976181      0.980      0.948          1    27.8436  57.157139  57.173481     4.0939    23.0260    27.8433    35.7713    6.42934    6.41272 0.0000e+00
        372 206.976181      0.980      0.968          1    27.8434  57.157040  57.173386     4.0939    23.0261    27.8432    35.7713    6.42936    6.41273 0.0000e+00
        373 206.976181      0.980      0.987          1    27.8436  57.157249  57.172852     4.0939    23.0261    27.8433    35.7713    6.42934    6.41272 0.0000e+00
        374 206.976181      1.064      1.005          1    27.8438  57.157192  57.172035     4.0914    23.0259    27.8435    35.7711    6.42933    6.41270 0.0000e+00
        375 206.976181      1.033      1.022          1    27.8437  57.156788  57.171715     4.0862    23.0257    27.8435    35.7709    6.42934    6.41272 0.0000e+00
        376 206.976181      1.033      1.038          1    27.8436  57.156605  57.171219     4.0862    23.0257    27.8433    35.7709    6.42936    6.41273 0.0000e+00
        377 206.976181      1.094      1.053          1    27.8440  57.156612  57.170784     4.0836    23.0254    27.8437    35.7706    6.42933    6.41270 0.0000e+00
        378 206.976196      1.064      1.067          1    27.8434  57.156822  57.170403     4.0810    23.0260    27.8432    35.7711    6.42937    6.41274 0.0000e+00
        379 206.976196      1.094      1.080          1    27.8438  57.156754  57.170593     4.0810    23.0256    27.8435    35.7708    6.42934    6.41271 0.0000e+00
        380 206.976196      1.147      1.092          1    27.8435  57.156384  57.170689     4.0784    23.0256    27.8433    35.7707    6.42937    6.41274 0.0000e+00
        381 206.976196      1.094      1.102          1    27.8436  57.156212  57.171715     4.0732    23.0255    27.8433    35.7706    6.42937    6.41274 0.0000e+00
        382 206.976196      1.147      1.112          1    27.8436  57.156189  57.173599     4.0707    23.0255    27.8433    35.7705    6.42937    6.41274 0.0000e+00
        383 206.976196      1.117      1.120          1    27.8436  57.156189  57.175713     4.0707    23.0255    27.8433    35.7705    6.42937    6.41274 0.0000e+00
        384 206.976196      1.147      1.128          1    27.8436  57.156189  57.177441     4.0707    23.0255    27.8433    35.7705    6.42937    6.41274 0.0000e+00
        385 206.976196      1.208      1.134          1    27.8437  57.156418  57.178467     4.0681    23.0255    27.8434    35.7706    6.42935    6.41273 0.0000e+00
