translate/ONIV_022T.cnv
* Sea-Bird SBE 9 Data File:
* FileName = D:\COMISSOES\2009\OCEANO_NORTE_IV\Bruto\ONIV_022.dat
* Software Version Seasave Win32 V 5.37d
* Temperature SN = 2326
* Conductivity SN = 2002
* Number of Bytes Per Scan = 21
* Number of Voltage Words = 1
* Number of Scans Averaged by the Deck Unit = 1
* NMEA Latitude = 04 04.05 N
* NMEA Longitude = 049 16.14 W
* NMEA UTC (Time) = 19:18:31
** H40
** NOc ANTARES
** 204
** OCEANO N IV
**   022
**   04 04,03 N
**   049 16,13 W
**   09/08/2009 19:17
**   305
** 9P46375-0881
**   1T TANGARI
# nquan = 15                                
# nvalues = 20877                       
# units = specified
# name 0 = scan: Scan Count
# name 1 = timeJ: Julian Days
# name 2 = depSM: Depth [salt water, m]
# name 3 = prDM: Pressure, Digiquartz [db]
# name 4 = pumps: Pump Status
# name 5 = t090C: Temperature [ITS-90, deg C]
# name 6 = c0mS/cm: Conductivity [mS/cm]
# name 7 = c1mS/cm: Conductivity, 2 [mS/cm]
# name 8 = sbeox0Mg/L: Oxygen, SBE 43 [mg/l]
# name 9 = sigma-é00: Density [sigma-theta, kg/m^3]
# name 10 = potemp090C: Potential Temperature [ITS-90, deg C]
# name 11 = sal00: Salinity, Practical [PSU]
# name 12 = oxsolMg/L: Oxygen Saturation, Garcia & Gordon [mg/l]
# name 13 = oxsatMg/L: Oxygen Saturation, Weiss [mg/l]
# name 14 = flag: flag
# span 0 =          1,      20877       
# span 1 = 221.802094, 221.812164       
# span 2 =     -0.315,    280.233       
# span 3 =     -0.216,    281.919       
# span 4 =          1,          1       
# span 5 =    11.3044,    28.5571       
# span 6 =  39.501297,  57.763130       
# span 7 =  39.503990,  57.768181       
# span 8 =     4.7268,     6.6729       
# span 9 =    22.6976,    26.7664       
# span 10 =    11.2689,    28.5569      
# span 11 =    35.0342,    36.4398      
# span 12 =    6.35913,    8.77331      
# span 13 =    6.34279,    8.77470      
# span 14 = 0.0000e+00, 0.0000e+00      
# interval = seconds: 0.0416667
# start_time = Aug 09 2009 19:15:01 [System UpLoad Time]
# bad_flag = -9.990e-29
*END*
[from data line 2892]
       2893 221.803482     57.354     57.636          1    26.5931  56.320087  56.314087     6.0528    23.6965    26.5800    36.1211    6.55035    6.53350 0.0000e+00
       2894 221.803497     57.354     57.652          1    26.5917  56.317211  56.310635     6.0583    23.6962    26.5786    36.1201    6.55054    6.53369 0.0000e+00
       2895 221.803497     57.354     57.667          1    26.5896  56.313869  56.307762     6.0529    23.6963    26.5765    36.1193    6.55080    6.53395 0.0000e+00
       2896 221.803497     57.414     57.680          1    26.5875  56.310745  56.306141     6.0557    23.6965    26.5744    36.1187    6.55105    6.53420 0.0000e+00
       2897 221.803497     57.354     57.692          1    26.5844  56.309185  56.306164     6.0531    23.6984    26.5713    36.1200    6.55133    6.53448 0.0000e+00
       2898 221.803497     57.414     57.703          1    26.5817  56.308044  56.306221     6.0533    23.7003    26.5685    36.1213    6.55159    6.53474 0.0000e+00
       2899 221.803497     57.414     57.713          1    26.5804  56.307003  56.305576     6.0534    23.7010    26.5672    36.1216    6.55172    6.53487 0.0000e+00
       2900 221.803497     57.467     57.722          1    26.5795  56.305244  56.305202     6.0534    23.7008    26.5663    36.1210    6.55184    6.53499 0.0000e+00
       2901 221.803497     57.414     57.728          1    26.5789  56.303123  56.304348     6.0508    23.7002    26.5658    36.1199    6.55194    6.53509 0.0000e+00
       2902 221.803497     57.414     57.733          1    26.5772  56.301830  56.304085     6.0536    23.7010    26.5641    36.1203    6.55211    6.53525 0.0000e+00
       2903 221.803497     57.414     57.738          1    26.5752  56.301701  56.304485     6.0511    23.7027    26.5621    36.1217    6.55227    6.53542 0.0000e+00
       2904 221.803497     57.414     57.743          1    26.5738  56.303654  56.305183     6.0511    23.7051    26.5606    36.1243    6.55234    6.53548 0.0000e+00
       2905 221.803497     57.467     57.747          1    26.5730  56.306202  56.305313     6.0512    23.7072    26.5599    36.1267    6.55233    6.53547 0.0000e+00
       2906 221.803497     57.414     57.750          1    26.5749  56.307819  56.305183     6.0513    23.7064    26.5617    36.1265    6.55214    6.53528 0.0000e+00
       2907 221.803497     57.414     57.753          1    26.5778  56.309883  56.304123     6.0513    23.7048    26.5647    36.1256    6.55185    6.53499 0.0000e+00
       2908 221.803497     57.467     57.756          1    26.5793  56.310753  56.303101     6.0540    23.7040    26.5662    36.1251    6.55171    6.53485 0.0000e+00
       2909 221.803497     57.467     57.758          1    26.5807  56.310497  56.302593     6.0542    23.7025    26.5676    36.1238    6.55160    6.53475 0.0000e+00
       2910 221.803497     57.414     57.759          1    26.5819  56.309452  56.302101     6.0516    23.7009    26.5687    36.1222    6.55153    6.53468 0.0000e+00
       2911 221.803497     57.414     57.760          1    26.5811  56.308392  56.302425     6.0517    23.7010    26.5679    36.1220    6.55162    6.53477 0.0000e+00
       2912 221.803497     57.467     57.762          1    26.5796  56.306633  56.302803     6.0518    23.7014    26.5665    36.1219    6.55179    6.53494 0.0000e+00
       2913 221.803497     57.414     57.763          1    26.5780  56.305962  56.302540     6.0520    23.7025    26.5648    36.1227    6.55194    6.53509 0.0000e+00
       2914 221.803497     57.467     57.764          1    26.5765  56.305325  56.301342     6.0521    23.7035    26.5634    36.1234    6.55207    6.53522 0.0000e+00
       2915 221.803497     57.422     57.765          1    26.5761  56.304554  56.300648     6.0522    23.7034    26.5630    36.1231    6.55212    6.53527 0.0000e+00
       2916 221.803497     57.467     57.765          1    26.5758  56.302101  56.299740     6.0549    23.7024    26.5626    36.1216    6.55222    6.53537 0.0000e+00
       2917 221.803497     57.353     57.766          1    26.5756  56.299088  56.298397     6.0551    23.7009    26.5625    36.1196    6.55231    6.53546 0.0000e+00
       2918 221.803497     57.467     57.769          1    26.5738  56.297062  56.296223     6.0553    23.7015    26.5606    36.1195    6.55251    6.53566 0.0000e+00
       2919 221.803497     57.467     57.771          1    26.5714  56.295597  56.292725     6.0528    23.7029    26.5582    36.1204    6.55274    6.53589 0.0000e+00
       2920 221.803497     57.414     57.773          1    26.5701  56.295544  56.290009     6.0529    23.7040    26.5570    36.1213    6.55285    6.53599 0.0000e+00
       2921 221.803497     57.467     57.775          1    26.5690  56.293957  56.288803     6.0529    23.7041    26.5558    36.1210    6.55298    6.53612 0.0000e+00
       2922 221.803497     57.414     57.777          1    26.5690  56.290440  56.289791     6.0532    23.7022    26.5558    36.1185    6.55307    6.53622 0.0000e+00
       2923 221.803497     57.467     57.780          1    26.5683  56.287895  56.291435     6.0560    23.7015    26.5551    36.1172    6.55320    6.53635 0.0000e+00
       2924 221.803497     57.467     57.783          1    26.5648  56.288254  56.292358     6.0535    23.7049    26.5516    36.1202    6.55347    6.53661 0.0000e+00
       2925 221.803513     57.414     57.786          1    26.5629  56.289642  56.291275     6.0509    23.7073    26.5498    36.1227    6.55358    6.53673 0.0000e+00
       2926 221.803513     57.467     57.790          1    26.5633  56.290993  56.289955     6.0537    23.7076    26.5502    36.1233    6.55351    6.53665 0.0000e+00
       2927 221.803513     57.467     57.794          1    26.5640  56.291607  56.288124     6.0538    23.7074    26.5509    36.1232    6.55344    6.53659 0.0000e+00
       2928 221.803513     57.414     57.799          1    26.5653  56.290657  56.286934     6.0540    23.7056    26.5522    36.1215    6.55336    6.53650 0.0000e+00
       2929 221.803513     57.520     57.805          1    26.5662  56.288921  56.287167     6.0540    23.7039    26.5531    36.1196    6.55334    6.53648 0.0000e+00
       2930 221.803513     57.414     57.811          1    26.5651  56.289680  56.287769     6.0542    23.7053    26.5520    36.1209    6.55340    6.53655 0.0000e+00
       2931 221.803513     57.520     57.817          1    26.5636  56.291126  56.289566     6.0517    23.7075    26.5505    36.1232    6.55348    6.53663 0.0000e+00
       2932 221.803513     57.467     57.824          1    26.5637  56.290833  56.290623     6.0517    23.7072    26.5506    36.1229    6.55348    6.53663 0.0000e+00
       2933 221.803513     57.467     57.832          1    26.5655  56.290447  56.291016     6.0519    23.7054    26.5523    36.1212    6.55335    6.53650 0.0000e+00
       2934 221.803513     57.520     57.841          1    26.5653  56.291145  56.290691     6.0521    23.7059    26.5522    36.1219    6.55335    6.53649 0.0000e+00
       2935 221.803513     57.520     57.850          1    26.5650  56.290813  56.290619     6.0523    23.7061    26.5518    36.1219    6.55338    6.53653 0.0000e+00
       2936 221.803513     57.520     57.860          1    26.5655  56.290390  56.292057     6.0497    23.7054    26.5523    36.1212    6.55336    6.53650 0.0000e+00
       2937 221.803513     57.520     57.870          1    26.5659  56.289268  56.292187     6.0525    23.7044    26.5527    36.1200    6.55335    6.53650 0.0000e+00
       2938 221.803513     57.520     57.880          1    26.5651  56.286430  56.290482     6.0500    23.7035    26.5519    36.1186    6.55349    6.53664 0.0000e+00
       2939 221.803513     57.520     57.893          1    26.5650  56.283112  56.289791     6.0501    23.7018    26.5518    36.1163    6.55359    6.53674 0.0000e+00
       2940 221.803513     57.581     57.906          1    26.5625  56.281414  56.290871     6.0502    23.7031    26.5494    36.1170    6.55383    6.53698 0.0000e+00
       2941 221.803513     57.581     57.920          1    26.5595  56.280838  56.290787     6.0503    23.7056    26.5463    36.1189    6.55409    6.53723 0.0000e+00
       2942 221.803513     57.581     57.935          1    26.5583  56.281906  56.287800     6.0504    23.7072    26.5451    36.1206    6.55416    6.53730 0.0000e+00
       2943 221.803513     57.634     57.950          1    26.5577  56.282753  56.284645     6.0506    23.7083    26.5445    36.1217    6.55419    6.53733 0.0000e+00
       2944 221.803513     57.634     57.965          1    26.5581  56.283138  56.282722     6.0479    23.7081    26.5449    36.1217    6.55414    6.53729 0.0000e+00
       2945 221.803513     57.634     57.981          1    26.5584  56.280952  56.283123     6.0480    23.7066    26.5452    36.1198    6.55418    6.53732 0.0000e+00
       2946 221.803513     57.634     57.997          1    26.5592  56.278114  56.284237     6.0480    23.7043    26.5460    36.1171    6.55419    6.53733 0.0000e+00
       2947 221.803513     57.695     58.014          1    26.5575  56.276203  56.284466     6.0481    23.7049    26.5443    36.1171    6.55438    6.53752 0.0000e+00
       2948 221.803513     57.695     58.031          1    26.5555  56.275570  56.284615     6.0481    23.7063    26.5423    36.1182    6.55455    6.53769 0.0000e+00
       2949 221.803513     57.748     58.048          1    26.5543  56.274738  56.284218     6.0508    23.7070    26.5411    36.1186    6.55467    6.53782 0.0000e+00
       2950 221.803513     57.695     58.065          1    26.5536  56.274433  56.283897     6.0483    23.7074    26.5404    36.1188    6.55473    6.53788 0.0000e+00
       2951 221.803513     57.695     58.083          1    26.5528  56.274532  56.284065     6.0483    23.7082    26.5396    36.1195    6.55480    6.53794 0.0000e+00
       2952 221.803513     57.809     58.103          1    26.5521  56.274570  56.283234     6.0483    23.7088    26.5389    36.1201    6.55485    6.53799 0.0000e+00
       2953 221.803513     57.748     58.123          1    26.5522  56.274570  56.282310     6.0456    23.7087    26.5390    36.1200    6.55484    6.53799 0.0000e+00
       2954 221.803513     57.809     58.143          1    26.5520  56.275326  56.282047     6.0457    23.7094    26.5388    36.1207    6.55484    6.53799 0.0000e+00
       2955 221.803513     57.809     58.165          1    26.5522  56.275051  56.282028     6.0457    23.7090    26.5390    36.1203    6.55483    6.53797 0.0000e+00
       2956 221.803513     57.862     58.187          1    26.5524  56.274124  56.280437     6.0484    23.7083    26.5392    36.1195    6.55484    6.53798 0.0000e+00
       2957 221.803528     57.862     58.209          1    26.5527  56.274223  56.278606     6.0485    23.7081    26.5395    36.1194    6.55481    6.53796 0.0000e+00
       2958 221.803528     57.923     58.232          1    26.5521  56.273991  56.276360     6.0485    23.7085    26.5388    36.1197    6.55487    6.53802 0.0000e+00
       2959 221.803528     57.923     58.254          1    26.5521  56.273701  56.275246     6.0485    23.7083    26.5389    36.1194    6.55487    6.53802 0.0000e+00
       2960 221.803528     57.923     58.276          1    26.5517  56.273643  56.275307     6.0513    23.7087    26.5384    36.1197    6.55491    6.53806 0.0000e+00
       2961 221.803528     57.976     58.299          1    26.5514  56.273643  56.274643     6.0487    23.7089    26.5382    36.1199    6.55493    6.53808 0.0000e+00
       2962 221.803528     57.976     58.322          1    26.5515  56.273121  56.273945     6.0486    23.7086    26.5382    36.1195    6.55494    6.53809 0.0000e+00
       2963 221.803528     57.976     58.346          1    26.5512  56.273067  56.273682     6.0488    23.7088    26.5380    36.1196    6.55496    6.53811 0.0000e+00
       2964 221.803528     58.029     58.371          1    26.5511  56.273163  56.272621     6.0488    23.7089    26.5378    36.1198    6.55497    6.53812 0.0000e+00
       2965 221.803528     58.029     58.397          1    26.5513  56.272892  56.272453     6.0489    23.7086    26.5380    36.1194    6.55496    6.53811 0.0000e+00
       2966 221.803528     58.143     58.423          1    26.5511  56.272739  56.272400     6.0516    23.7087    26.5378    36.1195    6.55499    6.53813 0.0000e+00
       2967 221.803528     58.090     58.449          1    26.5510  56.271385  56.271793     6.0517    23.7081    26.5377    36.1186    6.55503    6.53818 0.0000e+00
       2968 221.803528     58.143     58.476          1    26.5505  56.270016  56.270584     6.0519    23.7077    26.5372    36.1180    6.55511    6.53825 0.0000e+00
       2969 221.803528     58.143     58.502          1    26.5500  56.269245  56.268658     6.0519    23.7078    26.5367    36.1178    6.55517    6.53831 0.0000e+00
       2970 221.803528     58.203     58.530          1    26.5485  56.268513  56.267506     6.0467    23.7087    26.5352    36.1184    6.55530    6.53845 0.0000e+00
       2971 221.803528     58.257     58.557          1    26.5478  56.268147  56.266903     6.0495    23.7092    26.5345    36.1187    6.55538    6.53852 0.0000e+00
       2972 221.803528     58.257     58.584          1    26.5473  56.267567  56.266716     6.0496    23.7093    26.5340    36.1187    6.55543    6.53857 0.0000e+00
       2973 221.803528     58.257     58.610          1    26.5465  56.266640  56.266979     6.0469    23.7095    26.5332    36.1186    6.55552    6.53866 0.0000e+00
       2974 221.803528     58.317     58.637          1    26.5454  56.265694  56.266338     6.0469    23.7100    26.5321    36.1187    6.55563    6.53877 0.0000e+00
       2975 221.803528     58.317     58.663          1    26.5444  56.265583  56.265636     6.0471    23.7108    26.5311    36.1194    6.55571    6.53885 0.0000e+00
       2976 221.803528     58.317     58.691          1    26.5438  56.265388  56.265602     6.0445    23.7113    26.5304    36.1198    6.55577    6.53892 0.0000e+00
       2977 221.803528     58.431     58.719          1    26.5436  56.264965  56.264904     6.0446    23.7112    26.5302    36.1196    6.55580    6.53894 0.0000e+00
       2978 221.803528     58.431     58.746          1    26.5434  56.264500  56.264488     6.0421    23.7111    26.5300    36.1194    6.55583    6.53897 0.0000e+00
       2979 221.803528     58.431     58.772          1    26.5429  56.262993  56.264149     6.0396    23.7108    26.5295    36.1188    6.55591    6.53905 0.0000e+00
       2980 221.803528     58.431     58.799          1    26.5423  56.262360  56.263145     6.0423    23.7110    26.5289    36.1187    6.55597    6.53911 0.0000e+00
       2981 221.803528     58.484     58.827          1    26.5412  56.261375  56.262619     6.0399    23.7114    26.5278    36.1189    6.55609    6.53923 0.0000e+00
       2982 221.803528     58.537     58.855          1    26.5401  56.260197  56.261749     6.0399    23.7118    26.5267    36.1189    6.55621    6.53935 0.0000e+00
       2983 221.803528     58.537     58.883          1    26.5395  56.258923  56.260464     6.0400    23.7116    26.5262    36.1184    6.55628    6.53943 0.0000e+00
       2984 221.803528     58.598     58.911          1    26.5388  56.257553  56.258766     6.0401    23.7115    26.5254    36.1180    6.55638    6.53952 0.0000e+00
       2985 221.803528     58.598     58.938          1    26.5371  56.256687  56.256954     6.0375    23.7125    26.5237    36.1186    6.55654    6.53968 0.0000e+00
       2986 221.803528     58.651     58.966          1    26.5362  56.256168  56.255653     6.0376    23.7131    26.5228    36.1189    6.55662    6.53977 0.0000e+00
       2987 221.803528     58.651     58.993          1    26.5349  56.254662  56.255199     6.0376    23.7134    26.5215    36.1189    6.55677    6.53991 0.0000e+00
