translate/ONIV_006T.cnv
* Sea-Bird SBE 9 Data File:
* FileName = D:\COMISSOES\2009\OCEANO_NORTE_IV\Bruto\ONIV_006.dat
* Software Version Seasave Win32 V 5.37d
* Temperature SN = 2896
* Conductivity SN = 1499
* Number of Bytes Per Scan = 21
* Number of Voltage Words = 1
* Number of Scans Averaged by the Deck Unit = 1
* NMEA Latitude = 02 43.82 N
* NMEA Longitude = 049 01.76 W
* NMEA UTC (Time) = 20:14:19
** H40
** NOc ANTARES
** 204
** OCEANO N IV
**    006
**   02 43.8 N
**   049 01.7 W
**   25/07/2009 20:12
**   75
** 9P46375-0881
**   1T JUAREZ
# nquan = 15                                
# nvalues = 12438                       
# units = specified
# name 0 = scan: Scan Count
# name 1 = timeJ: Julian Days
# name 2 = depSM: Depth [salt water, m]
# name 3 = prDM: Pressure, Digiquartz [db]
# name 4 = pumps: Pump Status
# name 5 = t090C: Temperature [ITS-90, deg C]
# name 6 = c0mS/cm: Conductivity [mS/cm]
# name 7 = c1mS/cm: Conductivity, 2 [mS/cm]
# name 8 = sbeox0Mg/L: Oxygen, SBE 43 [mg/l]
# name 9 = sigma-é00: Density [sigma-theta, kg/m^3]
# name 10 = potemp090C: Potential Temperature [ITS-90, deg C]
# name 11 = sal00: Salinity, Practical [PSU]
# name 12 = oxsolMg/L: Oxygen Saturation, Garcia & Gordon [mg/l]
# name 13 = oxsatMg/L: Oxygen Saturation, Weiss [mg/l]
# name 14 = flag: flag
# span 0 =          1,      12438       
# span 1 = 206.841171, 206.847168       
# span 2 =      0.133,     63.288       
# span 3 =      0.256,     63.510       
# span 4 =          1,          1       
# span 5 =    27.2030,    29.0052       
# span 6 =  42.068188,  56.815529       
# span 7 =  42.068531,  56.823956       
# span 8 =     4.8491,     6.6913       
# span 9 =    14.4082,    23.3785       
# span 10 =    27.1921,    29.0050      
# span 11 =    24.7755,    35.9592      
# span 12 =    6.45159,    6.71371      
# span 13 =    6.43476,    6.69549      
# span 14 = 0.0000e+00, 0.0000e+00      
# interval = seconds: 0.0416667
# start_time = Jul 25 2009 20:11:17 [System UpLoad Time]
# bad_flag = -9.990e-29
*END*
[from data line 7422]
       7423 206.844742     42.396     42.744          1    27.2032  56.745461  56.748997     5.7519    23.3769    27.1933    35.9573    6.49055    6.47377 0.0000e+00
       7424 206.844742     42.563     42.731          1    27.2030  56.745594  56.749203     5.7494    23.3772    27.1931    35.9575    6.49056    6.47378 0.0000e+00
       7425 206.844742     42.450     42.718          1    27.2032  56.744991  56.749546     5.7465    23.3767    27.1933    35.9570    6.49056    6.47378 0.0000e+00
       7426 206.844757     42.343     42.706          1    27.2032  56.744774  56.749355     5.7439    23.3766    27.1933    35.9568    6.49056    6.47379 0.0000e+00
       7427 206.844757     42.510     42.696          1    27.2032  56.745564  56.749260     5.7466    23.3770    27.1933    35.9574    6.49054    6.47377 0.0000e+00
       7428 206.844757     42.396     42.688          1    27.2033  56.745853  56.749718     5.7414    23.3770    27.1935    35.9575    6.49052    6.47374 0.0000e+00
       7429 206.844757     42.450     42.679          1    27.2034  56.744846  56.749584     5.7412    23.3764    27.1935    35.9567    6.49055    6.47377 0.0000e+00
       7430 206.844757     42.450     42.671          1    27.2034  56.744907  56.749603     5.7412    23.3765    27.1935    35.9568    6.49054    6.47377 0.0000e+00
       7431 206.844757     42.283     42.664          1    27.2030  56.745003  56.749641     5.7413    23.3769    27.1931    35.9571    6.49057    6.47379 0.0000e+00
       7432 206.844757     42.396     42.660          1    27.2032  56.745613  56.749184     5.7387    23.3770    27.1933    35.9574    6.49054    6.47376 0.0000e+00
       7433 206.844757     42.396     42.658          1    27.2034  56.745594  56.749317     5.7385    23.3768    27.1935    35.9573    6.49053    6.47375 0.0000e+00
       7434 206.844757     42.343     42.658          1    27.2034  56.744892  56.749413     5.7387    23.3765    27.1935    35.9568    6.49054    6.47377 0.0000e+00
       7435 206.844757     42.450     42.660          1    27.2032  56.745014  56.749187     5.7412    23.3767    27.1933    35.9570    6.49056    6.47378 0.0000e+00
       7436 206.844757     42.396     42.662          1    27.2032  56.745518  56.748940     5.7438    23.3770    27.1933    35.9574    6.49054    6.47377 0.0000e+00
       7437 206.844757     42.450     42.664          1    27.2032  56.745483  56.749111     5.7412    23.3770    27.1933    35.9573    6.49055    6.47377 0.0000e+00
       7438 206.844757     42.396     42.666          1    27.2032  56.745594  56.749130     5.7438    23.3770    27.1933    35.9574    6.49054    6.47376 0.0000e+00
       7439 206.844757     42.510     42.667          1    27.2034  56.745941  56.749222     5.7439    23.3770    27.1935    35.9575    6.49052    6.47374 0.0000e+00
       7440 206.844757     42.396     42.668          1    27.2032  56.746368  56.749149     5.7437    23.3774    27.1933    35.9580    6.49052    6.47374 0.0000e+00
       7441 206.844757     42.449     42.668          1    27.2034  56.745853  56.749222     5.7439    23.3770    27.1935    35.9574    6.49052    6.47374 0.0000e+00
       7442 206.844757     42.510     42.667          1    27.2035  56.745419  56.749317     5.7412    23.3766    27.1937    35.9570    6.49052    6.47374 0.0000e+00
       7443 206.844757     42.510     42.663          1    27.2034  56.745079  56.749508     5.7412    23.3766    27.1935    35.9569    6.49054    6.47376 0.0000e+00
       7444 206.844757     42.283     42.657          1    27.2033  56.745159  56.748936     5.7411    23.3766    27.1935    35.9570    6.49054    6.47376 0.0000e+00
       7445 206.844757     42.396     42.654          1    27.2034  56.744587  56.748615     5.7412    23.3763    27.1935    35.9565    6.49055    6.47377 0.0000e+00
       7446 206.844757     42.449     42.653          1    27.2034  56.744152  56.748466     5.7412    23.3761    27.1935    35.9562    6.49056    6.47379 0.0000e+00
       7447 206.844757     42.396     42.651          1    27.2035  56.744534  56.748257     5.7412    23.3761    27.1937    35.9564    6.49054    6.47376 0.0000e+00
       7448 206.844757     42.510     42.648          1    27.2037  56.745342  56.748314     5.7412    23.3764    27.1938    35.9568    6.49051    6.47373 0.0000e+00
       7449 206.844757     42.283     42.644          1    27.2034  56.745461  56.748634     5.7409    23.3768    27.1935    35.9572    6.49053    6.47375 0.0000e+00
       7450 206.844757     42.449     42.641          1    27.2037  56.745102  56.748447     5.7412    23.3762    27.1939    35.9566    6.49051    6.47373 0.0000e+00
       7451 206.844757     42.396     42.638          1    27.2033  56.744434  56.748066     5.7413    23.3762    27.1935    35.9565    6.49056    6.47378 0.0000e+00
       7452 206.844757     42.510     42.634          1    27.2037  56.743858  56.748085     5.7412    23.3756    27.1939    35.9557    6.49054    6.47376 0.0000e+00
       7453 206.844757     42.283     42.628          1    27.2034  56.744350  56.748524     5.7385    23.3762    27.1935    35.9564    6.49056    6.47378 0.0000e+00
       7454 206.844757     42.449     42.623          1    27.2037  56.744820  56.748543     5.7385    23.3761    27.1939    35.9564    6.49052    6.47374 0.0000e+00
       7455 206.844757     42.510     42.616          1    27.2037  56.744904  56.748558     5.7412    23.3762    27.1938    35.9565    6.49052    6.47374 0.0000e+00
       7456 206.844757     42.449     42.605          1    27.2037  56.744411  56.748466     5.7411    23.3759    27.1939    35.9561    6.49053    6.47375 0.0000e+00
       7457 206.844757     42.283     42.590          1    27.2037  56.743858  56.748257     5.7387    23.3756    27.1939    35.9557    6.49054    6.47376 0.0000e+00
       7458 206.844772     42.283     42.578          1    27.2037  56.744122  56.748539     5.7412    23.3757    27.1939    35.9559    6.49053    6.47376 0.0000e+00
       7459 206.844772     42.449     42.565          1    27.2037  56.744415  56.748428     5.7412    23.3759    27.1939    35.9562    6.49053    6.47375 0.0000e+00
       7460 206.844772     42.283     42.552          1    27.2039  56.744469  56.748066     5.7386    23.3757    27.1941    35.9561    6.49051    6.47373 0.0000e+00
       7461 206.844772     42.396     42.536          1    27.2037  56.744469  56.748199     5.7334    23.3759    27.1939    35.9562    6.49052    6.47375 0.0000e+00
       7462 206.844772     42.169     42.520          1    27.2039  56.744240  56.747990     5.7333    23.3756    27.1941    35.9559    6.49052    6.47374 0.0000e+00
       7463 206.844772     42.229     42.505          1    27.2039  56.744556  56.747612     5.7334    23.3758    27.1941    35.9561    6.49051    6.47373 0.0000e+00
       7464 206.844772     42.343     42.492          1    27.2039  56.744358  56.748142     5.7335    23.3757    27.1941    35.9560    6.49051    6.47373 0.0000e+00
       7465 206.844772     42.396     42.475          1    27.2039  56.744118  56.747894     5.7335    23.3756    27.1941    35.9558    6.49052    6.47374 0.0000e+00
       7466 206.844772     42.002     42.456          1    27.2039  56.744076  56.747574     5.7360    23.3755    27.1941    35.9558    6.49052    6.47374 0.0000e+00
       7467 206.844772     42.343     42.438          1    27.2039  56.744270  56.747856     5.7333    23.3757    27.1941    35.9560    6.49051    6.47374 0.0000e+00
       7468 206.844772     42.449     42.417          1    27.2034  56.744926  56.747971     5.7335    23.3765    27.1936    35.9569    6.49054    6.47376 0.0000e+00
       7469 206.844772     42.116     42.389          1    27.2037  56.745514  56.748085     5.7362    23.3765    27.1939    35.9570    6.49049    6.47372 0.0000e+00
       7470 206.844772     42.002     42.360          1    27.2037  56.744991  56.748009     5.7387    23.3762    27.1940    35.9566    6.49051    6.47373 0.0000e+00
       7471 206.844772     42.116     42.334          1    27.2037  56.744049  56.747971     5.7386    23.3757    27.1939    35.9560    6.49054    6.47376 0.0000e+00
       7472 206.844772     42.116     42.308          1    27.2035  56.744141  56.748085     5.7387    23.3760    27.1938    35.9562    6.49055    6.47377 0.0000e+00
       7473 206.844772     42.116     42.280          1    27.2037  56.744411  56.748291     5.7415    23.3759    27.1940    35.9562    6.49052    6.47374 0.0000e+00
       7474 206.844772     41.941     42.251          1    27.2035  56.744469  56.748234     5.7439    23.3761    27.1938    35.9564    6.49054    6.47376 0.0000e+00
       7475 206.844772     41.941     42.223          1    27.2035  56.744698  56.748028     5.7465    23.3763    27.1938    35.9566    6.49053    6.47375 0.0000e+00
       7476 206.844772     42.002     42.197          1    27.2037  56.744606  56.748085     5.7518    23.3760    27.1940    35.9564    6.49052    6.47374 0.0000e+00
       7477 206.844772     42.055     42.169          1    27.2035  56.744488  56.748009     5.7520    23.3762    27.1938    35.9565    6.49054    6.47376 0.0000e+00
       7478 206.844772     41.941     42.137          1    27.2035  56.743973  56.747971     5.7545    23.3759    27.1938    35.9561    6.49055    6.47377 0.0000e+00
       7479 206.844772     41.835     42.103          1    27.2035  56.743912  56.747799     5.7545    23.3759    27.1938    35.9561    6.49055    6.47377 0.0000e+00
       7480 206.844772     41.774     42.071          1    27.2035  56.744236  56.748081     5.7519    23.3760    27.1938    35.9563    6.49054    6.47376 0.0000e+00
       7481 206.844772     41.835     42.039          1    27.2035  56.744926  56.747971     5.7546    23.3764    27.1938    35.9568    6.49052    6.47374 0.0000e+00
       7482 206.844772     41.888     42.007          1    27.2035  56.745022  56.748119     5.7572    23.3765    27.1938    35.9569    6.49052    6.47374 0.0000e+00
       7483 206.844772     41.660     41.972          1    27.2037  56.744431  56.748081     5.7571    23.3760    27.1940    35.9563    6.49052    6.47374 0.0000e+00
       7484 206.844772     41.660     41.938          1    27.2037  56.743855  56.747818     5.7572    23.3757    27.1940    35.9559    6.49053    6.47375 0.0000e+00
       7485 206.844772     41.660     41.906          1    27.2037  56.744118  56.748081     5.7545    23.3758    27.1941    35.9561    6.49053    6.47375 0.0000e+00
       7486 206.844772     41.721     41.874          1    27.2037  56.744900  56.747967     5.7545    23.3763    27.1940    35.9567    6.49051    6.47373 0.0000e+00
       7487 206.844772     41.546     41.841          1    27.2037  56.744068  56.747890     5.7521    23.3758    27.1941    35.9561    6.49053    6.47375 0.0000e+00
       7488 206.844772     41.546     41.808          1    27.2037  56.743328  56.748062     5.7518    23.3754    27.1941    35.9556    6.49055    6.47377 0.0000e+00
       7489 206.844788     41.493     41.778          1    27.2037  56.743885  56.747776     5.7493    23.3757    27.1941    35.9560    6.49053    6.47375 0.0000e+00
       7490 206.844788     41.493     41.749          1    27.2037  56.744377  56.748062     5.7467    23.3760    27.1940    35.9564    6.49052    6.47374 0.0000e+00
       7491 206.844788     41.379     41.722          1    27.2035  56.744465  56.747967     5.7442    23.3762    27.1939    35.9566    6.49053    6.47375 0.0000e+00
       7492 206.844788     41.546     41.697          1    27.2035  56.744236  56.747890     5.7413    23.3761    27.1939    35.9564    6.49054    6.47376 0.0000e+00
       7493 206.844788     41.440     41.671          1    27.2037  56.743599  56.747551     5.7336    23.3756    27.1941    35.9558    6.49054    6.47376 0.0000e+00
       7494 206.844788     41.379     41.644          1    27.2037  56.743942  56.747437     5.7335    23.3758    27.1941    35.9561    6.49053    6.47375 0.0000e+00
       7495 206.844788     41.379     41.619          1    27.2035  56.744606  56.747490     5.7335    23.3763    27.1939    35.9567    6.49053    6.47375 0.0000e+00
       7496 206.844788     41.440     41.593          1    27.2034  56.744667  56.747341     5.7311    23.3765    27.1937    35.9569    6.49054    6.47376 0.0000e+00
       7497 206.844788     41.212     41.566          1    27.2033  56.744770  56.747398     5.7256    23.3766    27.1937    35.9570    6.49054    6.47376 0.0000e+00
       7498 206.844788     41.212     41.543          1    27.2035  56.744877  56.747837     5.7257    23.3765    27.1939    35.9570    6.49052    6.47374 0.0000e+00
       7499 206.844788     41.326     41.522          1    27.2034  56.745129  56.747738     5.7256    23.3768    27.1938    35.9573    6.49053    6.47375 0.0000e+00
       7500 206.844788     41.326     41.501          1    27.2032  56.744579  56.747776     5.7255    23.3767    27.1936    35.9571    6.49056    6.47378 0.0000e+00
       7501 206.844788     41.152     41.479          1    27.2037  56.743881  56.748043     5.7255    23.3758    27.1941    35.9561    6.49053    6.47375 0.0000e+00
       7502 206.844788     41.152     41.460          1    27.2037  56.744114  56.748005     5.7229    23.3759    27.1942    35.9563    6.49052    6.47374 0.0000e+00
       7503 206.844788     41.266     41.443          1    27.2034  56.744179  56.747795     5.7202    23.3763    27.1938    35.9566    6.49055    6.47377 0.0000e+00
       7504 206.844788     41.212     41.425          1    27.2034  56.744289  56.747852     5.7229    23.3763    27.1938    35.9567    6.49055    6.47377 0.0000e+00
       7505 206.844788     41.045     41.407          1    27.2035  56.744198  56.747547     5.7176    23.3761    27.1940    35.9565    6.49053    6.47376 0.0000e+00
       7506 206.844788     41.266     41.391          1    27.2035  56.744549  56.747433     5.7202    23.3763    27.1940    35.9568    6.49053    6.47375 0.0000e+00
       7507 206.844788     41.038     41.375          1    27.2034  56.743862  56.747490     5.7175    23.3761    27.1938    35.9564    6.49056    6.47378 0.0000e+00
       7508 206.844788     41.099     41.361          1    27.2032  56.743031  56.747623     5.7176    23.3759    27.1936    35.9560    6.49059    6.47382 0.0000e+00
       7509 206.844788     41.099     41.349          1    27.2032  56.743275  56.747261     5.7175    23.3760    27.1936    35.9562    6.49059    6.47381 0.0000e+00
       7510 206.844788     41.038     41.338          1    27.2032  56.744267  56.747414     5.7148    23.3765    27.1936    35.9569    6.49056    6.47378 0.0000e+00
       7511 206.844788     41.152     41.328          1    27.2032  56.744320  56.747509     5.7148    23.3766    27.1936    35.9569    6.49056    6.47378 0.0000e+00
       7512 206.844788     40.932     41.320          1    27.2032  56.743851  56.747509     5.7148    23.3763    27.1936    35.9566    6.49057    6.47379 0.0000e+00
       7513 206.844788     41.152     41.313          1    27.2033  56.743885  56.747623     5.7174    23.3762    27.1938    35.9565    6.49056    6.47378 0.0000e+00
       7514 206.844788     41.045     41.307          1    27.2032  56.743546  56.747547     5.7175    23.3761    27.1936    35.9564    6.49058    6.47380 0.0000e+00
       7515 206.844788     41.099     41.301          1    27.2034  56.743252  56.747341     5.7199    23.3758    27.1938    35.9560    6.49057    6.47379 0.0000e+00
       7516 206.844788     40.985     41.295          1    27.2032  56.743198  56.747395     5.7200    23.3760    27.1936    35.9561    6.49059    6.47381 0.0000e+00
       7517 206.844788     41.045     41.291          1    27.2034  56.743427  56.747490     5.7199    23.3759    27.1938    35.9561    6.49057    6.47379 0.0000e+00
       7518 206.844788     41.038     41.288          1    27.2032  56.743603  56.747341     5.7173    23.3762    27.1936    35.9564    6.49058    6.47380 0.0000e+00
