translate/ONIV_023T.cnv
* Sea-Bird SBE 9 Data File:
* FileName = D:\COMISSOES\2009\OCEANO_NORTE_IV\Bruto\ONIV_023.dat
* Software Version Seasave Win32 V 5.37d
* Temperature SN = 2326
* Conductivity SN = 2002
* Number of Bytes Per Scan = 21
* Number of Voltage Words = 1
* Number of Scans Averaged by the Deck Unit = 1
* NMEA Latitude = 03 52.93 N
* NMEA Longitude = 049 27.05 W
* NMEA UTC (Time) = 21:31:37
** H40
** NOc ANTARES
** 204
** OCEANO N IV
**   023
**   03 52.90 N
**   049 27.02 W
**   09/08/2009 21:30 Z
**   95
** 9P46375-0881
**   1T JUAREZ
# nquan = 15                                
# nvalues = 9380                        
# units = specified
# name 0 = scan: Scan Count
# name 1 = timeJ: Julian Days
# name 2 = depSM: Depth [salt water, m]
# name 3 = prDM: Pressure, Digiquartz [db]
# name 4 = pumps: Pump Status
# name 5 = t090C: Temperature [ITS-90, deg C]
# name 6 = c0mS/cm: Conductivity [mS/cm]
# name 7 = c1mS/cm: Conductivity, 2 [mS/cm]
# name 8 = sbeox0Mg/L: Oxygen, SBE 43 [mg/l]
# name 9 = sigma-é00: Density [sigma-theta, kg/m^3]
# name 10 = potemp090C: Potential Temperature [ITS-90, deg C]
# name 11 = sal00: Salinity, Practical [PSU]
# name 12 = oxsolMg/L: Oxygen Saturation, Garcia & Gordon [mg/l]
# name 13 = oxsatMg/L: Oxygen Saturation, Weiss [mg/l]
# name 14 = flag: flag
# span 0 =          1,       9380       
# span 1 = 221.894577, 221.899094       
# span 2 =     -0.176,     86.222       
# span 3 =     -0.101,     86.624       
# span 4 =          1,          1       
# span 5 =    24.2998,    28.5558       
# span 6 =  53.660919,  57.094578       
# span 7 =  53.670025,  57.098061       
# span 8 =     5.5103,     6.1954       
# span 9 =    21.6474,    24.3026       
# span 10 =    24.2814,    28.5556      
# span 11 =    34.2473,    36.0763      
# span 12 =    6.40877,    6.81459      
# span 13 =    6.39214,    6.79796      
# span 14 = 0.0000e+00, 0.0000e+00      
# interval = seconds: 0.0416667
# start_time = Aug 09 2009 21:28:11 [System UpLoad Time]
# bad_flag = -9.990e-29
*END*
[from data line 7519]
       7520 221.898193     43.504     43.661          1    27.3446  56.924667  56.918125     5.8675    23.3453    27.3344    35.9758    6.47477    6.45803 0.0000e+00
       7521 221.898193     43.390     43.633          1    27.3456  56.921932  56.919075     5.8701    23.3429    27.3355    35.9730    6.47476    6.45802 0.0000e+00
       7522 221.898193     43.390     43.604          1    27.3453  56.918400  56.919262     5.8699    23.3413    27.3352    35.9708    6.47488    6.45814 0.0000e+00
       7523 221.898193     43.390     43.573          1    27.3426  56.916641  56.919601     5.8723    23.3429    27.3324    35.9716    6.47514    6.45840 0.0000e+00
       7524 221.898193     43.276     43.541          1    27.3382  56.916527  56.920856     5.8747    23.3467    27.3281    35.9749    6.47548    6.45874 0.0000e+00
       7525 221.898193     43.329     43.508          1    27.3361  56.917225  56.922890     5.8746    23.3490    27.3260    35.9771    6.47563    6.45889 0.0000e+00
       7526 221.898193     43.276     43.474          1    27.3358  56.917320  56.924351     5.8743    23.3493    27.3257    35.9774    6.47565    6.45891 0.0000e+00
       7527 221.898209     43.223     43.437          1    27.3363  56.918507  56.925167     5.8767    23.3496    27.3262    35.9778    6.47558    6.45884 0.0000e+00
       7528 221.898209     43.162     43.399          1    27.3364  56.919903  56.924877     5.8791    23.3502    27.3263    35.9788    6.47554    6.45880 0.0000e+00
       7529 221.898209     43.109     43.361          1    27.3370  56.921513  56.924553     5.8788    23.3505    27.3269    35.9795    6.47545    6.45871 0.0000e+00
       7530 221.898209     43.162     43.322          1    27.3383  56.922287  56.924725     5.8812    23.3498    27.3282    35.9790    6.47532    6.45858 0.0000e+00
       7531 221.898209     42.995     43.282          1    27.3402  56.923389  56.925602     5.8811    23.3486    27.3302    35.9783    6.47514    6.45840 0.0000e+00
       7532 221.898209     43.048     43.241          1    27.3413  56.924591  56.926491     5.8810    23.3483    27.3312    35.9784    6.47503    6.45829 0.0000e+00
       7533 221.898209     42.995     43.199          1    27.3417  56.925640  56.926529     5.8834    23.3485    27.3317    35.9788    6.47497    6.45823 0.0000e+00
       7534 221.898209     42.934     43.156          1    27.3438  56.926300  56.928757     5.8833    23.3470    27.3338    35.9777    6.47479    6.45805 0.0000e+00
       7535 221.898209     42.828     43.112          1    27.3445  56.927074  56.933445     5.8859    23.3468    27.3345    35.9777    6.47471    6.45797 0.0000e+00
       7536 221.898209     42.881     43.068          1    27.3453  56.928745  56.938969     5.8885    23.3469    27.3353    35.9783    6.47460    6.45787 0.0000e+00
       7537 221.898209     42.828     43.023          1    27.3458  56.931789  56.940361     5.8885    23.3481    27.3358    35.9801    6.47448    6.45775 0.0000e+00
       7538 221.898209     42.767     42.976          1    27.3477  56.936020  56.943443     5.8885    23.3487    27.3377    35.9817    6.47423    6.45749 0.0000e+00
       7539 221.898209     42.714     42.927          1    27.3504  56.940632  56.948742     5.8910    23.3487    27.3405    35.9828    6.47389    6.45715 0.0000e+00
       7540 221.898209     42.653     42.878          1    27.3545  56.945812  56.953350     5.8909    23.3478    27.3445    35.9834    6.47344    6.45670 0.0000e+00
       7541 221.898209     42.653     42.827          1    27.3589  56.950874  56.956177     5.8934    23.3465    27.3490    35.9836    6.47296    6.45622 0.0000e+00
       7542 221.898209     42.540     42.774          1    27.3639  56.955139  56.958416     5.8935    23.3444    27.3539    35.9829    6.47246    6.45573 0.0000e+00
       7543 221.898209     42.486     42.720          1    27.3694  56.958065  56.959644     5.8936    23.3409    27.3595    35.9807    6.47195    6.45522 0.0000e+00
       7544 221.898209     42.426     42.666          1    27.3741  56.959980  56.960785     5.8962    23.3377    27.3642    35.9785    6.47153    6.45480 0.0000e+00
       7545 221.898209     42.426     42.611          1    27.3777  56.961277  56.961884     5.8960    23.3352    27.3678    35.9766    6.47121    6.45448 0.0000e+00
       7546 221.898209     42.320     42.555          1    27.3805  56.960926  56.962833     5.8958    23.3325    27.3706    35.9743    6.47100    6.45428 0.0000e+00
       7547 221.898209     42.320     42.498          1    27.3827  56.961353  56.963745     5.8983    23.3307    27.3728    35.9729    6.47082    6.45409 0.0000e+00
       7548 221.898209     42.206     42.439          1    27.3828  56.962791  56.964714     5.9008    23.3314    27.3730    35.9738    6.47077    6.45404 0.0000e+00
       7549 221.898209     42.092     42.380          1    27.3836  56.964828  56.965641     5.9007    23.3318    27.3738    35.9747    6.47065    6.45393 0.0000e+00
       7550 221.898209     42.145     42.322          1    27.3853  56.967583  56.967865     5.9006    23.3318    27.3754    35.9754    6.47046    6.45373 0.0000e+00
       7551 221.898209     42.031     42.262          1    27.3877  56.970066  56.972294     5.9031    23.3309    27.3779    35.9753    6.47020    6.45347 0.0000e+00
       7552 221.898209     41.917     42.203          1    27.3902  56.973152  56.977303     5.9004    23.3303    27.3804    35.9756    6.46992    6.45319 0.0000e+00
       7553 221.898209     41.925     42.144          1    27.3934  56.976078  56.981514     5.9029    23.3290    27.3836    35.9752    6.46960    6.45287 0.0000e+00
       7554 221.898209     41.864     42.085          1    27.3965  56.977997  56.984722     5.9029    23.3273    27.3867    35.9742    6.46930    6.45258 0.0000e+00
       7555 221.898209     41.811     42.026          1    27.4002  56.980965  56.986828     5.9030    23.3255    27.3904    35.9735    6.46893    6.45221 0.0000e+00
       7556 221.898209     41.750     41.965          1    27.4020  56.985371  56.988876     5.9002    23.3262    27.3923    35.9752    6.46868    6.45195 0.0000e+00
       7557 221.898209     41.636     41.904          1    27.4056  56.989464  56.991402     5.9000    23.3252    27.3958    35.9755    6.46829    6.45157 0.0000e+00
       7558 221.898209     41.583     41.844          1    27.4095  56.992699  56.993660     5.8999    23.3234    27.3998    35.9748    6.46790    6.45118 0.0000e+00
       7559 221.898224     41.583     41.785          1    27.4137  56.995434  56.995331     5.8998    23.3212    27.4039    35.9735    6.46750    6.45078 0.0000e+00
       7560 221.898224     41.469     41.725          1    27.4170  56.997257  56.996735     5.9024    23.3191    27.4073    35.9723    6.46720    6.45048 0.0000e+00
       7561 221.898224     41.530     41.664          1    27.4198  56.998226  56.998158     5.9023    23.3172    27.4101    35.9708    6.46695    6.45023 0.0000e+00
       7562 221.898224     41.356     41.602          1    27.4216  56.998417  57.000061     5.9022    23.3156    27.4119    35.9696    6.46680    6.45008 0.0000e+00
       7563 221.898224     41.242     41.539          1    27.4227  56.998943  57.002052     5.8996    23.3149    27.4130    35.9691    6.46670    6.44998 0.0000e+00
       7564 221.898224     41.302     41.477          1    27.4229  57.000397  57.003170     5.8996    23.3155    27.4132    35.9700    6.46665    6.44993 0.0000e+00
       7565 221.898224     41.128     41.416          1    27.4233  57.000881  57.004292     5.8995    23.3154    27.4136    35.9701    6.46660    6.44989 0.0000e+00
       7566 221.898224     41.128     41.354          1    27.4246  56.999966  57.006420     5.9021    23.3138    27.4149    35.9685    6.46653    6.44981 0.0000e+00
       7567 221.898224     41.075     41.293          1    27.4251  56.998722  57.007820     5.9047    23.3127    27.4155    35.9672    6.46652    6.44980 0.0000e+00
       7568 221.898224     40.961     41.233          1    27.4245  56.997540  57.008198     5.9047    23.3126    27.4149    35.9668    6.46659    6.44987 0.0000e+00
       7569 221.898224     40.908     41.173          1    27.4231  56.999527  57.008980     5.9046    23.3149    27.4135    35.9694    6.46665    6.44993 0.0000e+00
       7570 221.898224     40.908     41.114          1    27.4220  57.004189  57.010021     5.9047    23.3184    27.4124    35.9735    6.46662    6.44990 0.0000e+00
       7571 221.898224     40.794     41.055          1    27.4231  57.008335  57.010227     5.9045    23.3197    27.4135    35.9757    6.46642    6.44971 0.0000e+00
       7572 221.898224     40.733     40.997          1    27.4275  57.011318  57.010666     5.9046    23.3173    27.4179    35.9744    6.46600    6.44928 0.0000e+00
       7573 221.898224     40.733     40.940          1    27.4312  57.012112  57.011501     5.9045    23.3144    27.4217    35.9721    6.46569    6.44897 0.0000e+00
       7574 221.898224     40.619     40.883          1    27.4340  57.011040  57.012241     5.9071    23.3113    27.4244    35.9693    6.46550    6.44878 0.0000e+00
       7575 221.898224     40.627     40.827          1    27.4351  57.010265  57.012184     5.9097    23.3099    27.4256    35.9679    6.46543    6.44871 0.0000e+00
       7576 221.898224     40.513     40.770          1    27.4352  57.009079  57.011707     5.9096    23.3091    27.4258    35.9669    6.46545    6.44873 0.0000e+00
       7577 221.898224     40.452     40.714          1    27.4340  57.008442  57.011234     5.9122    23.3099    27.4245    35.9675    6.46556    6.44885 0.0000e+00
       7578 221.898224     40.399     40.659          1    27.4330  57.008812  57.010777     5.9122    23.3110    27.4236    35.9685    6.46563    6.44891 0.0000e+00
       7579 221.898224     40.339     40.606          1    27.4327  57.010014  57.011120     5.9122    23.3120    27.4232    35.9696    6.46562    6.44891 0.0000e+00
       7580 221.898224     40.339     40.554          1    27.4330  57.011646  57.012466     5.9122    23.3125    27.4236    35.9705    6.46555    6.44884 0.0000e+00
       7581 221.898224     40.285     40.502          1    27.4343  57.013470  57.014290     5.9121    23.3123    27.4249    35.9708    6.46540    6.44869 0.0000e+00
       7582 221.898224     40.172     40.450          1    27.4358  57.015331  57.014591     5.9121    23.3120    27.4264    35.9710    6.46524    6.44852 0.0000e+00
       7583 221.898224     40.119     40.400          1    27.4375  57.016666  57.014877     5.9121    23.3112    27.4281    35.9707    6.46507    6.44836 0.0000e+00
       7584 221.898224     40.058     40.352          1    27.4401  57.016373  57.014648     5.9094    23.3087    27.4307    35.9685    6.46488    6.44816 0.0000e+00
       7585 221.898224     40.058     40.306          1    27.4415  57.015888  57.014591     5.9094    23.3072    27.4321    35.9671    6.46478    6.44806 0.0000e+00
       7586 221.898224     40.058     40.262          1    27.4426  57.015266  57.014439     5.9120    23.3058    27.4333    35.9658    6.46470    6.44799 0.0000e+00
       7587 221.898224     39.997     40.217          1    27.4430  57.014626  57.014042     5.9094    23.3052    27.4336    35.9650    6.46469    6.44798 0.0000e+00
       7588 221.898224     39.891     40.172          1    27.4437  57.014122  57.014385     5.9093    23.3042    27.4344    35.9641    6.46465    6.44793 0.0000e+00
       7589 221.898224     39.891     40.129          1    27.4443  57.013947  57.014420     5.9119    23.3036    27.4350    35.9636    6.46461    6.44789 0.0000e+00
       7590 221.898239     39.830     40.087          1    27.4447  57.014687  57.014324     5.9093    23.3037    27.4353    35.9638    6.46456    6.44784 0.0000e+00
       7591 221.898239     39.777     40.046          1    27.4449  57.015755  57.013504     5.9092    23.3041    27.4355    35.9645    6.46451    6.44780 0.0000e+00
       7592 221.898239     39.724     40.007          1    27.4460  57.017250  57.013012     5.9092    23.3039    27.4366    35.9647    6.46439    6.44768 0.0000e+00
       7593 221.898239     39.777     39.970          1    27.4469  57.019348  57.014481     5.9092    23.3042    27.4376    35.9655    6.46426    6.44755 0.0000e+00
       7594 221.898239     39.663     39.933          1    27.4482  57.021187  57.016815     5.9092    23.3040    27.4389    35.9658    6.46411    6.44740 0.0000e+00
       7595 221.898239     39.602     39.897          1    27.4502  57.023129  57.020504     5.9092    23.3033    27.4409    35.9656    6.46390    6.44719 0.0000e+00
       7596 221.898239     39.610     39.864          1    27.4521  57.025440  57.023979     5.9094    23.3028    27.4428    35.9659    6.46370    6.44699 0.0000e+00
       7597 221.898239     39.663     39.832          1    27.4537  57.028076  57.025871     5.9094    23.3027    27.4445    35.9665    6.46350    6.44679 0.0000e+00
       7598 221.898239     39.549     39.799          1    27.4561  57.029510  57.026917     5.9096    23.3014    27.4468    35.9657    6.46328    6.44657 0.0000e+00
       7599 221.898239     39.496     39.766          1    27.4585  57.031162  57.028397     5.9095    23.3001    27.4492    35.9650    6.46305    6.44634 0.0000e+00
       7600 221.898239     39.496     39.735          1    27.4615  57.032848  57.029953     5.9094    23.2983    27.4522    35.9639    6.46277    6.44606 0.0000e+00
       7601 221.898239     39.435     39.706          1    27.4644  57.034069  57.031643     5.9092    23.2963    27.4552    35.9625    6.46251    6.44580 0.0000e+00
       7602 221.898239     39.382     39.678          1    27.4666  57.034515  57.032135     5.9065    23.2946    27.4574    35.9612    6.46232    6.44561 0.0000e+00
       7603 221.898239     39.435     39.653          1    27.4683  57.035389  57.032612     5.9092    23.2935    27.4591    35.9605    6.46217    6.44546 0.0000e+00
       7604 221.898239     39.382     39.628          1    27.4692  57.036125  57.033504     5.9093    23.2931    27.4600    35.9604    6.46208    6.44537 0.0000e+00
       7605 221.898239     39.322     39.605          1    27.4705  57.036690  57.033119     5.9094    23.2922    27.4613    35.9597    6.46196    6.44525 0.0000e+00
       7606 221.898239     39.329     39.583          1    27.4718  57.036587  57.032684     5.9095    23.2910    27.4626    35.9587    6.46186    6.44516 0.0000e+00
       7607 221.898239     39.329     39.563          1    27.4722  57.036453  57.032269     5.9123    23.2906    27.4630    35.9583    6.46183    6.44513 0.0000e+00
       7608 221.898239     39.322     39.544          1    27.4722  57.036728  57.031067     5.9098    23.2907    27.4630    35.9585    6.46183    6.44512 0.0000e+00
       7609 221.898239     39.268     39.525          1    27.4718  57.037174  57.029282     5.9124    23.2913    27.4626    35.9591    6.46185    6.44514 0.0000e+00
       7610 221.898239     39.268     39.507          1    27.4720  57.037930  57.027668     5.9097    23.2916    27.4628    35.9595    6.46181    6.44510 0.0000e+00
       7611 221.898239     39.268     39.490          1    27.4727  57.038551  57.028893     5.9093    23.2912    27.4635    35.9594    6.46174    6.44503 0.0000e+00
       7612 221.898239     39.215     39.474          1    27.4736  57.038273  57.032791     5.9117    23.2903    27.4645    35.9585    6.46167    6.44497 0.0000e+00
       7613 221.898239     39.155     39.459          1    27.4744  57.037441  57.036011     5.9117    23.2892    27.4652    35.9574    6.46164    6.44493 0.0000e+00
       7614 221.898239     39.268     39.446          1    27.4744  57.037560  57.037338     5.9090    23.2892    27.4652    35.9574    6.46163    6.44493 0.0000e+00
