translate/ONIV_023T.cnv
* Sea-Bird SBE 9 Data File:
* FileName = D:\COMISSOES\2009\OCEANO_NORTE_IV\Bruto\ONIV_023.dat
* Software Version Seasave Win32 V 5.37d
* Temperature SN = 2326
* Conductivity SN = 2002
* Number of Bytes Per Scan = 21
* Number of Voltage Words = 1
* Number of Scans Averaged by the Deck Unit = 1
* NMEA Latitude = 03 52.93 N
* NMEA Longitude = 049 27.05 W
* NMEA UTC (Time) = 21:31:37
** H40
** NOc ANTARES
** 204
** OCEANO N IV
**   023
**   03 52.90 N
**   049 27.02 W
**   09/08/2009 21:30 Z
**   95
** 9P46375-0881
**   1T JUAREZ
# nquan = 15                                
# nvalues = 9380                        
# units = specified
# name 0 = scan: Scan Count
# name 1 = timeJ: Julian Days
# name 2 = depSM: Depth [salt water, m]
# name 3 = prDM: Pressure, Digiquartz [db]
# name 4 = pumps: Pump Status
# name 5 = t090C: Temperature [ITS-90, deg C]
# name 6 = c0mS/cm: Conductivity [mS/cm]
# name 7 = c1mS/cm: Conductivity, 2 [mS/cm]
# name 8 = sbeox0Mg/L: Oxygen, SBE 43 [mg/l]
# name 9 = sigma-é00: Density [sigma-theta, kg/m^3]
# name 10 = potemp090C: Potential Temperature [ITS-90, deg C]
# name 11 = sal00: Salinity, Practical [PSU]
# name 12 = oxsolMg/L: Oxygen Saturation, Garcia & Gordon [mg/l]
# name 13 = oxsatMg/L: Oxygen Saturation, Weiss [mg/l]
# name 14 = flag: flag
# span 0 =          1,       9380       
# span 1 = 221.894577, 221.899094       
# span 2 =     -0.176,     86.222       
# span 3 =     -0.101,     86.624       
# span 4 =          1,          1       
# span 5 =    24.2998,    28.5558       
# span 6 =  53.660919,  57.094578       
# span 7 =  53.670025,  57.098061       
# span 8 =     5.5103,     6.1954       
# span 9 =    21.6474,    24.3026       
# span 10 =    24.2814,    28.5556      
# span 11 =    34.2473,    36.0763      
# span 12 =    6.40877,    6.81459      
# span 13 =    6.39214,    6.79796      
# span 14 = 0.0000e+00, 0.0000e+00      
# interval = seconds: 0.0416667
# start_time = Aug 09 2009 21:28:11 [System UpLoad Time]
# bad_flag = -9.990e-29
*END*
[from data line 9350]
       9351 221.899078      0.835      0.914          1    28.5476  55.739147  55.752781 -9.990e-29    21.6574    28.5474    34.2582    6.40980    6.39317 0.0000e+00
       9352 221.899078      0.895      0.911          1    28.5462  55.738899  55.757542 -9.990e-29    21.6585    28.5459    34.2591    6.40992    6.39329 0.0000e+00
       9353 221.899078      0.895      0.908          1    28.5449  55.739033  55.761662 -9.990e-29    21.6597    28.5446    34.2602    6.41003    6.39339 0.0000e+00
       9354 221.899078      0.895      0.906          1    28.5440  55.738781  55.765255 -9.990e-29    21.6604    28.5438    34.2606    6.41010    6.39346 0.0000e+00
       9355 221.899078      0.918      0.904          1    28.5441  55.738628  55.768173 -9.990e-29    21.6602    28.5439    34.2604    6.41009    6.39346 0.0000e+00
       9356 221.899078      0.835      0.903          1    28.5443  55.738842  55.768223 -9.990e-29    21.6601    28.5441    34.2604    6.41007    6.39343 0.0000e+00
       9357 221.899078      0.895      0.902          1    28.5449  55.739033  55.765072 -9.990e-29    21.6597    28.5446    34.2602    6.41003    6.39339 0.0000e+00
       9358 221.899078      0.895      0.903          1    28.5449  55.739822  55.762234 -9.990e-29    21.6601    28.5446    34.2607    6.41001    6.39337 0.0000e+00
       9359 221.899078      0.865      0.903          1    28.5445  55.740360  55.763546 -9.990e-29    21.6607    28.5443    34.2613    6.41002    6.39338 0.0000e+00
       9360 221.899078      0.895      0.905          1    28.5452  55.741207  55.765991 -9.990e-29    21.6606    28.5450    34.2614    6.40994    6.39331 0.0000e+00
       9361 221.899078      0.895      0.907          1    28.5453  55.741745  55.755497 -9.990e-29    21.6608    28.5450    34.2617    6.40993    6.39329 0.0000e+00
       9362 221.899094      0.895      0.910          1    28.5450  55.742069  55.749123 -9.990e-29    21.6612    28.5448    34.2621    6.40994    6.39330 0.0000e+00
       9363 221.899094      0.895      0.912          1    28.5449  55.741741  55.747826 -9.990e-29    21.6611    28.5447    34.2620    6.40996    6.39332 0.0000e+00
       9364 221.899094      0.865      0.916          1    28.5439  55.741146  55.746113 -9.990e-29    21.6617    28.5437    34.2623    6.41005    6.39341 0.0000e+00
       9365 221.899094      0.949      0.921          1    28.5432  55.741165  55.744118 -9.990e-29    21.6623    28.5430    34.2628    6.41010    6.39347 0.0000e+00
       9366 221.899094      0.895      0.925          1    28.5422  55.740818  55.742500 -9.990e-29    21.6630    28.5420    34.2633    6.41019    6.39355 0.0000e+00
       9367 221.899094      0.895      0.930          1    28.5427  55.740746  55.741676 -9.990e-29    21.6625    28.5424    34.2629    6.41016    6.39352 0.0000e+00
       9368 221.899094      0.918      0.936          1    28.5431  55.740589  55.741413 -9.990e-29    21.6620    28.5429    34.2625    6.41012    6.39349 0.0000e+00
       9369 221.899094      0.895      0.943          1    28.5434  55.740185  55.741375 -9.990e-29    21.6616    28.5432    34.2620    6.41011    6.39347 0.0000e+00
       9370 221.899094      0.948      0.952          1    28.5437  55.740013  55.740582 -9.990e-29    21.6612    28.5435    34.2617    6.41009    6.39346 0.0000e+00
       9371 221.899094      0.948      0.960          1    28.5441  55.740227  55.740604 -9.990e-29    21.6610    28.5439    34.2615    6.41006    6.39342 0.0000e+00
       9372 221.899094      0.948      0.969          1    28.5451  55.739899  55.740585 -9.990e-29    21.6600    28.5448    34.2606    6.40999    6.39335 0.0000e+00
       9373 221.899094      0.979      0.978          1    28.5454  55.740631  55.740715 -9.990e-29    21.6601    28.5452    34.2608    6.40994    6.39331 0.0000e+00
       9374 221.899094      1.009      0.988          1    28.5449  55.741493  55.740604 -9.990e-29    21.6610    28.5447    34.2618    6.40996    6.39333 0.0000e+00
       9375 221.899094      1.009      0.996          1    28.5445  55.741802  55.740490 -9.990e-29    21.6615    28.5442    34.2623    6.40999    6.39335 0.0000e+00
       9376 221.899094      1.009      1.003          1    28.5445  55.741840  55.740696 -9.990e-29    21.6615    28.5443    34.2623    6.40998    6.39335 0.0000e+00
       9377 221.899094      1.032      1.010          1    28.5447  55.742069  55.741112 -9.990e-29    21.6615    28.5444    34.2624    6.40997    6.39333 0.0000e+00
       9378 221.899094      1.062      1.015          1    28.5453  55.742264  55.741566 -9.990e-29    21.6611    28.5450    34.2621    6.40991    6.39328 0.0000e+00
       9379 221.899094      1.062      1.018          1    28.5461 -9.990e-29 -9.990e-29 -9.990e-29 -9.990e-29 -9.990e-29 -9.990e-29 -9.990e-29 -9.990e-29 0.0000e+00
       9380 221.899094      1.062      1.019          1    28.5464 -9.990e-29 -9.990e-29 -9.990e-29 -9.990e-29 -9.990e-29 -9.990e-29 -9.990e-29 -9.990e-29 0.0000e+00
