translate/ONIV_025T.cnv
* Sea-Bird SBE 9 Data File:
* FileName = D:\COMISSOES\2009\OCEANO_NORTE_IV\Bruto\ONIV_025.dat
* Software Version Seasave Win32 V 5.37d
* Temperature SN = 2326
* Conductivity SN = 2002
* Number of Bytes Per Scan = 21
* Number of Voltage Words = 1
* Number of Scans Averaged by the Deck Unit = 1
* NMEA Latitude = 02 42.46 N
* NMEA Longitude = 048 13.48 W
* NMEA UTC (Time) = 07:29:37
** H40
** NOc ANTARES
** 204
** OCEANO N IV
**   025
**   02 42.40N
**   048 13.51 W
**   28/07/2009 07:27Z
**   96
** 9P46375-0881
**   1T JUAREZ
# nquan = 15                                
# nvalues = 8851                        
# units = specified
# name 0 = scan: Scan Count
# name 1 = timeJ: Julian Days
# name 2 = depSM: Depth [salt water, m]
# name 3 = prDM: Pressure, Digiquartz [db]
# name 4 = pumps: Pump Status
# name 5 = t090C: Temperature [ITS-90, deg C]
# name 6 = c0mS/cm: Conductivity [mS/cm]
# name 7 = c1mS/cm: Conductivity, 2 [mS/cm]
# name 8 = sbeox0Mg/L: Oxygen, SBE 43 [mg/l]
# name 9 = sigma-é00: Density [sigma-theta, kg/m^3]
# name 10 = potemp090C: Potential Temperature [ITS-90, deg C]
# name 11 = sal00: Salinity, Practical [PSU]
# name 12 = oxsolMg/L: Oxygen Saturation, Garcia & Gordon [mg/l]
# name 13 = oxsatMg/L: Oxygen Saturation, Weiss [mg/l]
# name 14 = flag: flag
# span 0 =          1,       8851       
# span 1 = 209.310089, 209.314362       
# span 2 =     -0.062,     81.013       
# span 3 =      0.040,     81.397       
# span 4 =          1,          1       
# span 5 =    24.6223,    28.5647       
# span 6 =  41.384792,  57.265739       
# span 7 =  41.597500,  57.257488       
# span 8 =     5.6778,     7.1379       
# span 9 =    14.3823,    24.2069       
# span 10 =    24.6048,    28.5646      
# span 11 =    24.5525,    36.1393      
# span 12 =    6.41989,    6.77804      
# span 13 =    6.40326,    6.76130      
# span 14 = 0.0000e+00, 0.0000e+00      
# interval = seconds: 0.0416667
# start_time = Jul 28 2009 07:26:32 [System UpLoad Time]
# bad_flag = -9.990e-29
*END*
[from data line 2314]
       2315 209.311203     42.887     43.154          1    27.2695  56.829266  56.820107     6.0504    23.3620    27.2595    35.9658    6.48315    6.46639 0.0000e+00
       2316 209.311203     43.001     43.193          1    27.2696  56.829536  56.819954     6.0478    23.3620    27.2596    35.9659    6.48313    6.46637 0.0000e+00
       2317 209.311203     42.948     43.233          1    27.2696  56.829594  56.819653     6.0453    23.3620    27.2596    35.9659    6.48313    6.46637 0.0000e+00
       2318 209.311203     43.061     43.272          1    27.2699  56.829597  56.819725     6.0454    23.3618    27.2599    35.9657    6.48311    6.46635 0.0000e+00
       2319 209.311203     43.001     43.312          1    27.2694  56.829304  56.819382     6.0427    23.3620    27.2594    35.9658    6.48315    6.46639 0.0000e+00
       2320 209.311218     43.115     43.353          1    27.2694  56.828857  56.819084     6.0428    23.3618    27.2594    35.9655    6.48316    6.46640 0.0000e+00
       2321 209.311218     43.175     43.395          1    27.2694  56.828918  56.819027     6.0429    23.3618    27.2594    35.9655    6.48316    6.46640 0.0000e+00
       2322 209.311218     43.175     43.436          1    27.2693  56.828568  56.818741     6.0403    23.3617    27.2593    35.9654    6.48318    6.46642 0.0000e+00
       2323 209.311218     43.228     43.477          1    27.2691  56.828785  56.818592     6.0430    23.3621    27.2590    35.9657    6.48319    6.46643 0.0000e+00
       2324 209.311218     43.228     43.519          1    27.2691  56.829075  56.818573     6.0404    23.3622    27.2590    35.9659    6.48319    6.46643 0.0000e+00
       2325 209.311218     43.342     43.561          1    27.2690  56.828838  56.818573     6.0378    23.3622    27.2589    35.9658    6.48320    6.46644 0.0000e+00
       2326 209.311218     43.342     43.604          1    27.2689  56.828686  56.818233     6.0379    23.3621    27.2588    35.9657    6.48321    6.46645 0.0000e+00
       2327 209.311218     43.395     43.647          1    27.2689  56.828667  56.818344     6.0407    23.3621    27.2588    35.9657    6.48321    6.46645 0.0000e+00
       2328 209.311218     43.456     43.691          1    27.2690  56.828140  56.818760     6.0381    23.3618    27.2588    35.9652    6.48322    6.46646 0.0000e+00
       2329 209.311218     43.509     43.734          1    27.2689  56.827797  56.819218     6.0381    23.3616    27.2588    35.9650    6.48324    6.46648 0.0000e+00
       2330 209.311218     43.509     43.776          1    27.2686  56.827446  56.819160     6.0408    23.3618    27.2584    35.9650    6.48327    6.46651 0.0000e+00
       2331 209.311218     43.623     43.818          1    27.2686  56.827526  56.819275     6.0409    23.3618    27.2584    35.9651    6.48327    6.46651 0.0000e+00
       2332 209.311218     43.623     43.860          1    27.2682  56.827934  56.819962     6.0408    23.3623    27.2581    35.9656    6.48329    6.46653 0.0000e+00
       2333 209.311218     43.623     43.900          1    27.2683  56.827873  56.820339     6.0383    23.3622    27.2582    35.9655    6.48328    6.46652 0.0000e+00
       2334 209.311218     43.684     43.942          1    27.2686  56.827465  56.820393     6.0383    23.3618    27.2584    35.9650    6.48327    6.46651 0.0000e+00
       2335 209.311218     43.790     43.983          1    27.2684  56.827820  56.820110     6.0410    23.3621    27.2582    35.9654    6.48328    6.46652 0.0000e+00
       2336 209.311218     43.737     44.024          1    27.2683  56.827854  56.820473     6.0410    23.3621    27.2582    35.9654    6.48328    6.46652 0.0000e+00
       2337 209.311218     43.851     44.065          1    27.2683  56.827465  56.819996     6.0411    23.3619    27.2581    35.9651    6.48329    6.46653 0.0000e+00
       2338 209.311218     43.904     44.105          1    27.2684  56.827526  56.820072     6.0385    23.3619    27.2582    35.9651    6.48329    6.46653 0.0000e+00
       2339 209.311218     43.904     44.144          1    27.2683  56.827412  56.820053     6.0385    23.3619    27.2581    35.9651    6.48329    6.46653 0.0000e+00
       2340 209.311218     43.904     44.182          1    27.2683  56.827820  56.818874     6.0386    23.3621    27.2581    35.9653    6.48328    6.46652 0.0000e+00
       2341 209.311218     44.018     44.220          1    27.2683  56.827332  56.817360     6.0386    23.3618    27.2581    35.9650    6.48330    6.46654 0.0000e+00
       2342 209.311218     43.965     44.258          1    27.2682  56.826889  56.815384     6.0361    23.3617    27.2580    35.9647    6.48332    6.46656 0.0000e+00
       2343 209.311218     44.018     44.297          1    27.2680  56.826286  56.813660     6.0334    23.3616    27.2577    35.9645    6.48335    6.46659 0.0000e+00
       2344 209.311218     44.078     44.338          1    27.2676  56.824890  56.812183     6.0309    23.3612    27.2573    35.9638    6.48342    6.46666 0.0000e+00
       2345 209.311218     44.132     44.379          1    27.2669  56.823612  56.811085     6.0309    23.3611    27.2567    35.9634    6.48351    6.46675 0.0000e+00
       2346 209.311218     44.192     44.419          1    27.2661  56.822624  56.809814     6.0336    23.3613    27.2558    35.9633    6.48360    6.46684 0.0000e+00
       2347 209.311218     44.185     44.460          1    27.2654  56.820881  56.809250     6.0284    23.3610    27.2551    35.9626    6.48370    6.46694 0.0000e+00
       2348 209.311218     44.245     44.500          1    27.2647  56.819969  56.808659     6.0337    23.3612    27.2544    35.9625    6.48378    6.46702 0.0000e+00
       2349 209.311218     44.359     44.541          1    27.2632  56.818790  56.808319     6.0311    23.3618    27.2529    35.9627    6.48393    6.46716 0.0000e+00
       2350 209.311218     44.245     44.581          1    27.2626  56.817745  56.808548     6.0311    23.3618    27.2523    35.9624    6.48400    6.46724 0.0000e+00
       2351 209.311218     44.412     44.621          1    27.2617  56.817162  56.808701     6.0338    23.3623    27.2514    35.9627    6.48409    6.46733 0.0000e+00
       2352 209.311234     44.412     44.662          1    27.2610  56.817223  56.808491     6.0312    23.3630    27.2506    35.9633    6.48415    6.46738 0.0000e+00
       2353 209.311234     44.473     44.701          1    27.2607  56.817398  56.808815     6.0338    23.3633    27.2503    35.9636    6.48416    6.46740 0.0000e+00
       2354 209.311234     44.473     44.741          1    27.2604  56.817142  56.809116     6.0365    23.3635    27.2500    35.9637    6.48419    6.46743 0.0000e+00
       2355 209.311234     44.526     44.781          1    27.2600  56.816700  56.808659     6.0366    23.3635    27.2497    35.9636    6.48423    6.46747 0.0000e+00
       2356 209.311234     44.587     44.820          1    27.2601  56.816525  56.807522     6.0392    23.3634    27.2497    35.9634    6.48423    6.46747 0.0000e+00
       2357 209.311234     44.587     44.860          1    27.2595  56.816505  56.807201     6.0392    23.3639    27.2491    35.9639    6.48428    6.46752 0.0000e+00
       2358 209.311234     44.640     44.900          1    27.2597  56.816505  56.807316     6.0419    23.3637    27.2493    35.9637    6.48427    6.46751 0.0000e+00
       2359 209.311234     44.754     44.939          1    27.2597  56.816505  56.807869     6.0418    23.3637    27.2493    35.9637    6.48427    6.46751 0.0000e+00
       2360 209.311234     44.701     44.978          1    27.2594  56.815983  56.808208     6.0446    23.3637    27.2490    35.9636    6.48431    6.46754 0.0000e+00
       2361 209.311234     44.754     45.016          1    27.2593  56.815342  56.808323     6.0472    23.3634    27.2489    35.9632    6.48433    6.46757 0.0000e+00
       2362 209.311234     44.807     45.055          1    27.2589  56.815132  56.807770     6.0472    23.3636    27.2485    35.9633    6.48436    6.46760 0.0000e+00
       2363 209.311234     44.868     45.093          1    27.2587  56.814587  56.807125     6.0473    23.3635    27.2483    35.9630    6.48439    6.46763 0.0000e+00
       2364 209.311234     44.868     45.131          1    27.2583  56.813950  56.806576     6.0472    23.3636    27.2478    35.9629    6.48445    6.46768 0.0000e+00
       2365 209.311234     44.868     45.170          1    27.2578  56.813446  56.805874     6.0499    23.3637    27.2474    35.9629    6.48450    6.46773 0.0000e+00
       2366 209.311234     44.982     45.209          1    27.2577  56.813507  56.805744     6.0499    23.3639    27.2472    35.9631    6.48451    6.46775 0.0000e+00
       2367 209.311234     44.982     45.248          1    27.2573  56.813156  56.805363     6.0526    23.3640    27.2468    35.9631    6.48455    6.46778 0.0000e+00
       2368 209.311234     45.035     45.287          1    27.2572  56.813080  56.805061     6.0526    23.3641    27.2467    35.9631    6.48456    6.46779 0.0000e+00
       2369 209.311234     45.088     45.327          1    27.2569  56.812923  56.804722     6.0527    23.3642    27.2464    35.9632    6.48458    6.46782 0.0000e+00
       2370 209.311234     45.095     45.366          1    27.2567  56.812515  56.804569     6.0528    23.3642    27.2462    35.9630    6.48461    6.46785 0.0000e+00
       2371 209.311234     45.149     45.405          1    27.2567  56.812870  56.804268     6.0554    23.3644    27.2462    35.9633    6.48460    6.46784 0.0000e+00
       2372 209.311234     45.149     45.445          1    27.2564  56.812672  56.803543     6.0529    23.3645    27.2459    35.9633    6.48463    6.46787 0.0000e+00
       2373 209.311234     45.262     45.485          1    27.2564  56.812092  56.802937     6.0530    23.3643    27.2458    35.9630    6.48465    6.46789 0.0000e+00
       2374 209.311234     45.262     45.525          1    27.2560  56.811588  56.802692     6.0529    23.3643    27.2454    35.9629    6.48469    6.46793 0.0000e+00
       2375 209.311234     45.316     45.565          1    27.2560  56.811417  56.802654     6.0530    23.3642    27.2454    35.9627    6.48470    6.46794 0.0000e+00
       2376 209.311234     45.376     45.605          1    27.2559  56.811398  56.802429     6.0530    23.3643    27.2453    35.9628    6.48471    6.46794 0.0000e+00
       2377 209.311234     45.376     45.644          1    27.2556  56.811104  56.802467     6.0530    23.3644    27.2451    35.9628    6.48474    6.46797 0.0000e+00
       2378 209.311234     45.429     45.683          1    27.2554  56.811478  56.802906     6.0556    23.3648    27.2448    35.9632    6.48474    6.46798 0.0000e+00
       2379 209.311234     45.429     45.722          1    27.2553  56.811279  56.802578     6.0556    23.3648    27.2447    35.9632    6.48476    6.46800 0.0000e+00
       2380 209.311234     45.543     45.762          1    27.2552  56.811222  56.801743     6.0583    23.3648    27.2446    35.9632    6.48477    6.46801 0.0000e+00
       2381 209.311234     45.490     45.802          1    27.2554  56.810310  56.801006     6.0557    23.3641    27.2448    35.9623    6.48478    6.46801 0.0000e+00
       2382 209.311234     45.596     45.843          1    27.2551  56.809887  56.800781     6.0558    23.3642    27.2444    35.9623    6.48482    6.46805 0.0000e+00
       2383 209.311249     45.657     45.883          1    27.2547  56.809673  56.800476     6.0584    23.3644    27.2441    35.9624    6.48485    6.46809 0.0000e+00
       2384 209.311249     45.657     45.923          1    27.2542  56.809032  56.800610     6.0559    23.3645    27.2436    35.9623    6.48490    6.46814 0.0000e+00
       2385 209.311249     45.657     45.964          1    27.2540  56.808144  56.800228     6.0559    23.3642    27.2433    35.9618    6.48495    6.46818 0.0000e+00
       2386 209.311249     45.771     46.005          1    27.2536  56.806923  56.800194     6.0534    23.3639    27.2429    35.9612    6.48501    6.46824 0.0000e+00
       2387 209.311249     45.771     46.046          1    27.2527  56.806362  56.800003     6.0533    23.3644    27.2420    35.9616    6.48510    6.46833 0.0000e+00
       2388 209.311249     45.824     46.088          1    27.2523  56.806286  56.799358     6.0561    23.3647    27.2416    35.9618    6.48513    6.46836 0.0000e+00
       2389 209.311249     45.885     46.129          1    27.2515  56.806286  56.799000     6.0562    23.3655    27.2408    35.9624    6.48519    6.46843 0.0000e+00
       2390 209.311249     45.938     46.170          1    27.2516  56.805412  56.798145     6.0562    23.3649    27.2409    35.9617    6.48521    6.46844 0.0000e+00
       2391 209.311249     45.938     46.211          1    27.2514  56.805180  56.797596     6.0563    23.3650    27.2407    35.9617    6.48523    6.46847 0.0000e+00
       2392 209.311249     45.991     46.251          1    27.2510  56.805550  56.796989     6.0537    23.3655    27.2403    35.9622    6.48525    6.46849 0.0000e+00
       2393 209.311249     46.052     46.291          1    27.2510  56.805199  56.796078     6.0537    23.3653    27.2402    35.9620    6.48526    6.46850 0.0000e+00
       2394 209.311249     46.052     46.332          1    27.2506  56.804871  56.795494     6.0564    23.3654    27.2399    35.9620    6.48530    6.46853 0.0000e+00
       2395 209.311249     46.105     46.372          1    27.2506  56.804813  56.795322     6.0564    23.3654    27.2399    35.9619    6.48530    6.46854 0.0000e+00
       2396 209.311249     46.166     46.413          1    27.2503  56.803997  56.795475     6.0591    23.3653    27.2395    35.9616    6.48535    6.46859 0.0000e+00
       2397 209.311249     46.226     46.453          1    27.2504  56.803204  56.795933     6.0566    23.3647    27.2396    35.9609    6.48536    6.46860 0.0000e+00
       2398 209.311249     46.219     46.492          1    27.2499  56.802975  56.796120     6.0568    23.3650    27.2391    35.9611    6.48541    6.46864 0.0000e+00
       2399 209.311249     46.333     46.530          1    27.2491  56.802429  56.796139     6.0543    23.3654    27.2384    35.9613    6.48548    6.46872 0.0000e+00
       2400 209.311249     46.333     46.567          1    27.2488  56.802082  56.795341     6.0547    23.3656    27.2380    35.9613    6.48552    6.46876 0.0000e+00
       2401 209.311249     46.333     46.603          1    27.2482  56.801792  56.794792     6.0549    23.3659    27.2375    35.9615    6.48557    6.46880 0.0000e+00
       2402 209.311249     46.333     46.639          1    27.2480  56.802357  56.794186     6.0550    23.3664    27.2372    35.9621    6.48558    6.46881 0.0000e+00
       2403 209.311249     46.446     46.676          1    27.2480  56.802567  56.793846     6.0527    23.3665    27.2372    35.9622    6.48557    6.46880 0.0000e+00
       2404 209.311249     46.446     46.713          1    27.2482  56.802216  56.793507     6.0505    23.3661    27.2374    35.9618    6.48556    6.46879 0.0000e+00
       2405 209.311249     46.507     46.749          1    27.2482  56.802044  56.793354     6.0534    23.3660    27.2374    35.9617    6.48557    6.46880 0.0000e+00
       2406 209.311249     46.499     46.785          1    27.2482  56.802025  56.793053     6.0536    23.3660    27.2374    35.9616    6.48557    6.46880 0.0000e+00
       2407 209.311249     46.560     46.821          1    27.2480  56.801502  56.792900     6.0537    23.3659    27.2372    35.9614    6.48560    6.46883 0.0000e+00
       2408 209.311249     46.613     46.857          1    27.2477  56.800861  56.792595     6.0537    23.3659    27.2368    35.9612    6.48564    6.46888 0.0000e+00
       2409 209.311249     46.674     46.893          1    27.2477  56.800652  56.792957     6.0512    23.3657    27.2368    35.9611    6.48565    6.46888 0.0000e+00
