translate/ONIV_006T.cnv
* Sea-Bird SBE 9 Data File:
* FileName = D:\COMISSOES\2009\OCEANO_NORTE_IV\Bruto\ONIV_006.dat
* Software Version Seasave Win32 V 5.37d
* Temperature SN = 2896
* Conductivity SN = 1499
* Number of Bytes Per Scan = 21
* Number of Voltage Words = 1
* Number of Scans Averaged by the Deck Unit = 1
* NMEA Latitude = 02 43.82 N
* NMEA Longitude = 049 01.76 W
* NMEA UTC (Time) = 20:14:19
** H40
** NOc ANTARES
** 204
** OCEANO N IV
**    006
**   02 43.8 N
**   049 01.7 W
**   25/07/2009 20:12
**   75
** 9P46375-0881
**   1T JUAREZ
# nquan = 15                                
# nvalues = 12438                       
# units = specified
# name 0 = scan: Scan Count
# name 1 = timeJ: Julian Days
# name 2 = depSM: Depth [salt water, m]
# name 3 = prDM: Pressure, Digiquartz [db]
# name 4 = pumps: Pump Status
# name 5 = t090C: Temperature [ITS-90, deg C]
# name 6 = c0mS/cm: Conductivity [mS/cm]
# name 7 = c1mS/cm: Conductivity, 2 [mS/cm]
# name 8 = sbeox0Mg/L: Oxygen, SBE 43 [mg/l]
# name 9 = sigma-é00: Density [sigma-theta, kg/m^3]
# name 10 = potemp090C: Potential Temperature [ITS-90, deg C]
# name 11 = sal00: Salinity, Practical [PSU]
# name 12 = oxsolMg/L: Oxygen Saturation, Garcia & Gordon [mg/l]
# name 13 = oxsatMg/L: Oxygen Saturation, Weiss [mg/l]
# name 14 = flag: flag
# span 0 =          1,      12438       
# span 1 = 206.841171, 206.847168       
# span 2 =      0.133,     63.288       
# span 3 =      0.256,     63.510       
# span 4 =          1,          1       
# span 5 =    27.2030,    29.0052       
# span 6 =  42.068188,  56.815529       
# span 7 =  42.068531,  56.823956       
# span 8 =     4.8491,     6.6913       
# span 9 =    14.4082,    23.3785       
# span 10 =    27.1921,    29.0050      
# span 11 =    24.7755,    35.9592      
# span 12 =    6.45159,    6.71371      
# span 13 =    6.43476,    6.69549      
# span 14 = 0.0000e+00, 0.0000e+00      
# interval = seconds: 0.0416667
# start_time = Jul 25 2009 20:11:17 [System UpLoad Time]
# bad_flag = -9.990e-29
*END*
[from data line 7326]
       7327 206.844696     43.413     43.762          1    27.2037  56.747017  56.750782     5.7453    23.3771    27.1936    35.9576    6.49047    6.47369 0.0000e+00
       7328 206.844696     43.580     43.755          1    27.2037  56.747627  56.750614     5.7481    23.3774    27.1936    35.9581    6.49046    6.47368 0.0000e+00
       7329 206.844696     43.360     43.748          1    27.2037  56.746662  56.750668     5.7478    23.3769    27.1936    35.9574    6.49048    6.47371 0.0000e+00
       7330 206.844696     43.527     43.743          1    27.2037  56.746143  56.750595     5.7478    23.3766    27.1936    35.9570    6.49049    6.47372 0.0000e+00
       7331 206.844711     43.466     43.739          1    27.2035  56.746647  56.750896     5.7504    23.3771    27.1934    35.9575    6.49050    6.47372 0.0000e+00
       7332 206.844711     43.413     43.737          1    27.2037  56.746731  56.750496     5.7532    23.3770    27.1936    35.9575    6.49048    6.47370 0.0000e+00
       7333 206.844711     43.527     43.736          1    27.2037  56.745911  56.750500     5.7531    23.3765    27.1936    35.9569    6.49050    6.47372 0.0000e+00
       7334 206.844711     43.466     43.735          1    27.2035  56.746605  56.750385     5.7556    23.3771    27.1934    35.9575    6.49050    6.47372 0.0000e+00
       7335 206.844711     43.353     43.737          1    27.2035  56.747082  56.750443     5.7557    23.3773    27.1934    35.9579    6.49049    6.47371 0.0000e+00
       7336 206.844711     43.466     43.741          1    27.2035  56.747299  56.750652     5.7530    23.3774    27.1934    35.9580    6.49048    6.47370 0.0000e+00
       7337 206.844711     43.413     43.749          1    27.2037  56.747189  56.750595     5.7555    23.3772    27.1936    35.9578    6.49047    6.47369 0.0000e+00
       7338 206.844711     43.527     43.759          1    27.2037  56.747757  56.750671     5.7558    23.3775    27.1936    35.9582    6.49045    6.47367 0.0000e+00
       7339 206.844711     43.527     43.770          1    27.2035  56.747505  56.750992     5.7554    23.3775    27.1934    35.9581    6.49048    6.47370 0.0000e+00
       7340 206.844711     43.527     43.780          1    27.2039  56.746861  56.750515     5.7583    23.3768    27.1938    35.9574    6.49046    6.47368 0.0000e+00
       7341 206.844711     43.580     43.790          1    27.2037  56.746864  56.750500     5.7582    23.3770    27.1936    35.9575    6.49048    6.47370 0.0000e+00
       7342 206.844711     43.527     43.800          1    27.2039  56.747017  56.750839     5.7635    23.3769    27.1938    35.9575    6.49046    6.47368 0.0000e+00
       7343 206.844711     43.527     43.810          1    27.2037  56.746788  56.751106     5.7660    23.3769    27.1936    35.9575    6.49048    6.47370 0.0000e+00
       7344 206.844711     43.527     43.822          1    27.2039  56.746372  56.751049     5.7659    23.3766    27.1938    35.9570    6.49048    6.47370 0.0000e+00
       7345 206.844711     43.527     43.837          1    27.2035  56.746429  56.750843     5.7608    23.3769    27.1934    35.9574    6.49050    6.47373 0.0000e+00
       7346 206.844711     43.755     43.851          1    27.2037  56.747070  56.750782     5.7607    23.3771    27.1936    35.9576    6.49047    6.47369 0.0000e+00
       7347 206.844711     43.580     43.863          1    27.2035  56.747433  56.750614     5.7608    23.3775    27.1934    35.9581    6.49048    6.47370 0.0000e+00
       7348 206.844711     43.527     43.876          1    27.2037  56.747681  56.750896     5.7632    23.3775    27.1936    35.9581    6.49046    6.47368 0.0000e+00
       7349 206.844711     43.641     43.891          1    27.2035  56.747616  56.750500     5.7659    23.3776    27.1934    35.9582    6.49047    6.47370 0.0000e+00
       7350 206.844711     43.694     43.907          1    27.2039  56.747246  56.750500     5.7660    23.3770    27.1938    35.9576    6.49045    6.47368 0.0000e+00
       7351 206.844711     43.808     43.922          1    27.2035  56.746807  56.751072     5.7659    23.3771    27.1934    35.9576    6.49050    6.47372 0.0000e+00
       7352 206.844711     43.580     43.933          1    27.2035  56.747322  56.751011     5.7686    23.3774    27.1934    35.9580    6.49048    6.47370 0.0000e+00
       7353 206.844711     43.755     43.946          1    27.2037  56.747299  56.750824     5.7685    23.3772    27.1936    35.9578    6.49047    6.47369 0.0000e+00
       7354 206.844711     43.694     43.958          1    27.2037  56.747322  56.750614     5.7685    23.3772    27.1936    35.9578    6.49047    6.47369 0.0000e+00
       7355 206.844711     43.808     43.969          1    27.2037  56.746960  56.750671     5.7712    23.3771    27.1935    35.9576    6.49048    6.47370 0.0000e+00
       7356 206.844711     43.641     43.980          1    27.2037  56.746895  56.750595     5.7685    23.3770    27.1936    35.9575    6.49048    6.47370 0.0000e+00
       7357 206.844711     43.694     43.992          1    27.2037  56.747478  56.750389     5.7659    23.3773    27.1936    35.9579    6.49046    6.47368 0.0000e+00
       7358 206.844711     43.808     44.005          1    27.2037  56.747597  56.750786     5.7633    23.3774    27.1936    35.9580    6.49046    6.47368 0.0000e+00
       7359 206.844711     43.975     44.016          1    27.2037  56.746754  56.750992     5.7658    23.3769    27.1935    35.9574    6.49048    6.47371 0.0000e+00
       7360 206.844711     43.641     44.023          1    27.2037  56.746742  56.750553     5.7685    23.3769    27.1936    35.9574    6.49048    6.47370 0.0000e+00
       7361 206.844711     43.808     44.031          1    27.2037  56.746998  56.750690     5.7659    23.3770    27.1936    35.9575    6.49047    6.47370 0.0000e+00
       7362 206.844711     43.808     44.040          1    27.2039  56.746788  56.751068     5.7658    23.3768    27.1937    35.9573    6.49047    6.47369 0.0000e+00
       7363 206.844727     43.861     44.047          1    27.2037  56.746635  56.750824     5.7685    23.3769    27.1935    35.9573    6.49049    6.47371 0.0000e+00
       7364 206.844727     43.861     44.052          1    27.2037  56.746353  56.750137     5.7659    23.3767    27.1936    35.9571    6.49049    6.47371 0.0000e+00
       7365 206.844727     43.808     44.055          1    27.2039  56.746429  56.750065     5.7685    23.3766    27.1937    35.9570    6.49048    6.47370 0.0000e+00
       7366 206.844727     43.808     44.058          1    27.2039  56.746319  56.750618     5.7659    23.3765    27.1937    35.9569    6.49048    6.47370 0.0000e+00
       7367 206.844727     43.808     44.061          1    27.2039  56.745972  56.750500     5.7659    23.3763    27.1937    35.9567    6.49049    6.47371 0.0000e+00
       7368 206.844727     44.089     44.061          1    27.2039  56.746494  56.750462     5.7659    23.3766    27.1937    35.9570    6.49047    6.47370 0.0000e+00
       7369 206.844727     43.694     44.056          1    27.2041  56.746471  56.750370     5.7659    23.3764    27.1939    35.9569    6.49046    6.47368 0.0000e+00
       7370 206.844727     43.755     44.051          1    27.2039  56.745743  56.750275     5.7659    23.3762    27.1937    35.9565    6.49049    6.47372 0.0000e+00
       7371 206.844727     43.861     44.048          1    27.2041  56.745625  56.750141     5.7659    23.3760    27.1939    35.9563    6.49048    6.47371 0.0000e+00
       7372 206.844727     43.922     44.043          1    27.2043  56.745754  56.750160     5.7658    23.3759    27.1941    35.9562    6.49046    6.47369 0.0000e+00
       7373 206.844727     43.808     44.035          1    27.2043  56.745785  56.749897     5.7711    23.3759    27.1941    35.9562    6.49046    6.47368 0.0000e+00
       7374 206.844727     43.694     44.025          1    27.2045  56.745029  56.749516     5.7712    23.3753    27.1943    35.9556    6.49047    6.47369 0.0000e+00
       7375 206.844727     43.861     44.016          1    27.2043  56.745506  56.749760     5.7659    23.3757    27.1941    35.9561    6.49047    6.47369 0.0000e+00
       7376 206.844727     43.808     44.005          1    27.2043  56.746071  56.750103     5.7633    23.3760    27.1941    35.9565    6.49046    6.47368 0.0000e+00
       7377 206.844727     43.808     43.992          1    27.2043  56.745949  56.749722     5.7579    23.3760    27.1941    35.9564    6.49046    6.47368 0.0000e+00
       7378 206.844727     43.747     43.976          1    27.2041  56.745808  56.749573     5.7554    23.3761    27.1939    35.9564    6.49048    6.47370 0.0000e+00
       7379 206.844727     43.694     43.959          1    27.2045  56.745983  56.749687     5.7527    23.3758    27.1943    35.9563    6.49044    6.47367 0.0000e+00
       7380 206.844727     43.755     43.943          1    27.2045  56.745651  56.750179     5.7528    23.3757    27.1943    35.9560    6.49045    6.47367 0.0000e+00
       7381 206.844727     43.808     43.923          1    27.2041  56.745621  56.750046     5.7526    23.3760    27.1939    35.9563    6.49048    6.47370 0.0000e+00
       7382 206.844727     43.694     43.900          1    27.2041  56.745750  56.750351     5.7528    23.3761    27.1939    35.9564    6.49048    6.47370 0.0000e+00
       7383 206.844727     43.580     43.875          1    27.2043  56.745979  56.750538     5.7502    23.3760    27.1942    35.9564    6.49046    6.47368 0.0000e+00
       7384 206.844727     43.694     43.849          1    27.2041  56.745651  56.750385     5.7501    23.3760    27.1939    35.9564    6.49048    6.47370 0.0000e+00
       7385 206.844727     43.527     43.822          1    27.2043  56.745850  56.750156     5.7473    23.3759    27.1942    35.9564    6.49046    6.47368 0.0000e+00
       7386 206.844727     43.747     43.794          1    27.2041  56.746124  56.750156     5.7447    23.3763    27.1940    35.9567    6.49047    6.47369 0.0000e+00
       7387 206.844727     43.466     43.762          1    27.2041  56.745945  56.749893     5.7423    23.3762    27.1940    35.9566    6.49047    6.47369 0.0000e+00
       7388 206.844727     43.466     43.729          1    27.2041  56.745541  56.749516     5.7447    23.3760    27.1940    35.9563    6.49048    6.47370 0.0000e+00
       7389 206.844727     43.466     43.697          1    27.2043  56.745369  56.749363     5.7448    23.3757    27.1942    35.9561    6.49047    6.47369 0.0000e+00
       7390 206.844727     43.466     43.664          1    27.2039  56.745575  56.749172     5.7446    23.3762    27.1938    35.9565    6.49049    6.47372 0.0000e+00
       7391 206.844727     43.527     43.629          1    27.2041  56.745750  56.749229     5.7420    23.3761    27.1940    35.9565    6.49048    6.47370 0.0000e+00
       7392 206.844727     43.186     43.592          1    27.2043  56.745289  56.749153     5.7395    23.3757    27.1942    35.9560    6.49047    6.47369 0.0000e+00
       7393 206.844727     43.299     43.557          1    27.2041  56.745193  56.749229     5.7369    23.3758    27.1940    35.9561    6.49049    6.47371 0.0000e+00
       7394 206.844742     43.246     43.524          1    27.2043  56.745544  56.749836     5.7392    23.3758    27.1942    35.9562    6.49046    6.47369 0.0000e+00
       7395 206.844742     43.246     43.492          1    27.2041  56.745487  56.749851     5.7421    23.3760    27.1940    35.9564    6.49048    6.47370 0.0000e+00
       7396 206.844742     43.299     43.460          1    27.2041  56.745598  56.749512     5.7396    23.3761    27.1940    35.9565    6.49048    6.47370 0.0000e+00
       7397 206.844742     43.133     43.426          1    27.2039  56.745258  56.749191     5.7393    23.3760    27.1939    35.9564    6.49050    6.47372 0.0000e+00
       7398 206.844742     43.246     43.391          1    27.2041  56.744701  56.749226     5.7392    23.3756    27.1941    35.9558    6.49050    6.47372 0.0000e+00
       7399 206.844742     43.072     43.356          1    27.2041  56.745213  56.749149     5.7419    23.3759    27.1941    35.9562    6.49049    6.47371 0.0000e+00
       7400 206.844742     43.186     43.318          1    27.2039  56.745693  56.748711     5.7420    23.3763    27.1939    35.9567    6.49049    6.47371 0.0000e+00
       7401 206.844742     42.958     43.280          1    27.2041  56.745781  56.748981     5.7420    23.3762    27.1941    35.9566    6.49047    6.47369 0.0000e+00
       7402 206.844742     42.905     43.244          1    27.2041  56.745026  56.748886     5.7419    23.3758    27.1941    35.9561    6.49049    6.47371 0.0000e+00
       7403 206.844742     42.905     43.211          1    27.2039  56.744053  56.748810     5.7418    23.3754    27.1939    35.9556    6.49053    6.47375 0.0000e+00
       7404 206.844742     43.072     43.179          1    27.2039  56.744637  56.748978     5.7471    23.3757    27.1939    35.9560    6.49051    6.47374 0.0000e+00
       7405 206.844742     42.844     43.145          1    27.2041  56.745464  56.748695     5.7472    23.3760    27.1941    35.9565    6.49048    6.47370 0.0000e+00
       7406 206.844742     42.791     43.112          1    27.2039  56.745255  56.748695     5.7497    23.3761    27.1939    35.9564    6.49050    6.47372 0.0000e+00
       7407 206.844742     42.844     43.081          1    27.2039  56.743977  56.748676     5.7523    23.3754    27.1940    35.9555    6.49053    6.47375 0.0000e+00
       7408 206.844742     42.791     43.052          1    27.2041  56.744484  56.748772     5.7522    23.3755    27.1941    35.9558    6.49050    6.47372 0.0000e+00
       7409 206.844742     42.563     43.025          1    27.2039  56.745201  56.748466     5.7523    23.3761    27.1940    35.9564    6.49050    6.47372 0.0000e+00
       7410 206.844742     42.958     43.001          1    27.2041  56.744850  56.748352     5.7523    23.3757    27.1941    35.9561    6.49049    6.47371 0.0000e+00
       7411 206.844742     42.563     42.976          1    27.2041  56.744755  56.748524     5.7547    23.3757    27.1941    35.9560    6.49049    6.47372 0.0000e+00
       7412 206.844742     42.791     42.953          1    27.2035  56.744614  56.748466     5.7574    23.3761    27.1936    35.9563    6.49054    6.47376 0.0000e+00
       7413 206.844742     42.624     42.931          1    27.2035  56.745445  56.748943     5.7574    23.3766    27.1936    35.9569    6.49052    6.47374 0.0000e+00
       7414 206.844742     42.791     42.907          1    27.2035  56.746063  56.748596     5.7575    23.3769    27.1936    35.9574    6.49050    6.47373 0.0000e+00
       7415 206.844742     42.563     42.883          1    27.2035  56.745678  56.748600     5.7573    23.3767    27.1936    35.9571    6.49051    6.47373 0.0000e+00
       7416 206.844742     42.510     42.860          1    27.2035  56.745384  56.748940     5.7599    23.3765    27.1936    35.9569    6.49052    6.47374 0.0000e+00
       7417 206.844742     42.624     42.840          1    27.2033  56.745342  56.748920     5.7573    23.3767    27.1934    35.9571    6.49054    6.47376 0.0000e+00
       7418 206.844742     42.510     42.821          1    27.2035  56.745800  56.748882     5.7573    23.3768    27.1936    35.9572    6.49051    6.47373 0.0000e+00
       7419 206.844742     42.624     42.804          1    27.2034  56.745888  56.748711     5.7546    23.3770    27.1935    35.9574    6.49052    6.47374 0.0000e+00
       7420 206.844742     42.450     42.786          1    27.2035  56.745537  56.748997     5.7547    23.3766    27.1936    35.9570    6.49052    6.47374 0.0000e+00
       7421 206.844742     42.450     42.771          1    27.2033  56.745102  56.749111     5.7546    23.3766    27.1934    35.9569    6.49054    6.47377 0.0000e+00
