translate/ONIV_025T.cnv
* Sea-Bird SBE 9 Data File:
* FileName = D:\COMISSOES\2009\OCEANO_NORTE_IV\Bruto\ONIV_025.dat
* Software Version Seasave Win32 V 5.37d
* Temperature SN = 2326
* Conductivity SN = 2002
* Number of Bytes Per Scan = 21
* Number of Voltage Words = 1
* Number of Scans Averaged by the Deck Unit = 1
* NMEA Latitude = 02 42.46 N
* NMEA Longitude = 048 13.48 W
* NMEA UTC (Time) = 07:29:37
** H40
** NOc ANTARES
** 204
** OCEANO N IV
**   025
**   02 42.40N
**   048 13.51 W
**   28/07/2009 07:27Z
**   96
** 9P46375-0881
**   1T JUAREZ
# nquan = 15                                
# nvalues = 8851                        
# units = specified
# name 0 = scan: Scan Count
# name 1 = timeJ: Julian Days
# name 2 = depSM: Depth [salt water, m]
# name 3 = prDM: Pressure, Digiquartz [db]
# name 4 = pumps: Pump Status
# name 5 = t090C: Temperature [ITS-90, deg C]
# name 6 = c0mS/cm: Conductivity [mS/cm]
# name 7 = c1mS/cm: Conductivity, 2 [mS/cm]
# name 8 = sbeox0Mg/L: Oxygen, SBE 43 [mg/l]
# name 9 = sigma-é00: Density [sigma-theta, kg/m^3]
# name 10 = potemp090C: Potential Temperature [ITS-90, deg C]
# name 11 = sal00: Salinity, Practical [PSU]
# name 12 = oxsolMg/L: Oxygen Saturation, Garcia & Gordon [mg/l]
# name 13 = oxsatMg/L: Oxygen Saturation, Weiss [mg/l]
# name 14 = flag: flag
# span 0 =          1,       8851       
# span 1 = 209.310089, 209.314362       
# span 2 =     -0.062,     81.013       
# span 3 =      0.040,     81.397       
# span 4 =          1,          1       
# span 5 =    24.6223,    28.5647       
# span 6 =  41.384792,  57.265739       
# span 7 =  41.597500,  57.257488       
# span 8 =     5.6778,     7.1379       
# span 9 =    14.3823,    24.2069       
# span 10 =    24.6048,    28.5646      
# span 11 =    24.5525,    36.1393      
# span 12 =    6.41989,    6.77804      
# span 13 =    6.40326,    6.76130      
# span 14 = 0.0000e+00, 0.0000e+00      
# interval = seconds: 0.0416667
# start_time = Jul 28 2009 07:26:32 [System UpLoad Time]
# bad_flag = -9.990e-29
*END*
[from data line 5591]
       5592 209.312790     75.468     75.827          1    26.4113  55.979156  56.036953     5.8405    23.6721    26.3942    36.0106    6.57428    6.55739 0.0000e+00
       5593 209.312790     75.362     75.793          1    26.4233  55.987434  56.035080     5.8463    23.6658    26.4061    36.0073    6.57310    6.55621 0.0000e+00
       5594 209.312790     75.331     75.757          1    26.4271  56.006538  56.035164     5.8466    23.6728    26.4100    36.0182    6.57228    6.55539 0.0000e+00
       5595 209.312790     75.301     75.722          1    26.4319  56.026905  56.040321     5.8496    23.6796    26.4147    36.0292    6.57135    6.55446 0.0000e+00
       5596 209.312790     75.301     75.685          1    26.4440  56.045277  56.048580     5.8502    23.6787    26.4268    36.0331    6.56988    6.55299 0.0000e+00
       5597 209.312790     75.278     75.647          1    26.4629  56.058804  56.058712     5.8529    23.6689    26.4458    36.0281    6.56799    6.55111 0.0000e+00
       5598 209.312790     75.134     75.607          1    26.4809  56.062786  56.064220     5.8529    23.6548    26.4637    36.0169    6.56644    6.54956 0.0000e+00
       5599 209.312790     75.225     75.567          1    26.4980  56.062416  56.063583     5.8585    23.6392    26.4808    36.0033    6.56508    6.54820 0.0000e+00
       5600 209.312790     75.134     75.525          1    26.5053  56.064217  56.063229     5.8587    23.6335    26.4882    35.9989    6.56444    6.54756 0.0000e+00
       5601 209.312790     75.073     75.480          1    26.5075  56.071259  56.064877     5.8633    23.6354    26.4904    36.0023    6.56408    6.54719 0.0000e+00
       5602 209.312790     74.997     75.435          1    26.5109  56.079502  56.065060     5.8622    23.6368    26.4937    36.0057    6.56359    6.54670 0.0000e+00
       5603 209.312790     74.959     75.390          1    26.5162  56.086567  56.062618     5.8647    23.6359    26.4991    36.0067    6.56297    6.54609 0.0000e+00
       5604 209.312790     74.959     75.345          1    26.5240  56.092285  56.065311     5.8680    23.6320    26.5068    36.0048    6.56219    6.54531 0.0000e+00
       5605 209.312790     74.936     75.298          1    26.5320  56.095943  56.068096     5.8715    23.6267    26.5149    36.0011    6.56145    6.54457 0.0000e+00
       5606 209.312790     74.792     75.249          1    26.5401  56.100243  56.063988     5.8725    23.6217    26.5230    35.9980    6.56069    6.54380 0.0000e+00
       5607 209.312790     74.792     75.200          1    26.5444  56.105347  56.058029     5.8731    23.6206    26.5274    35.9983    6.56020    6.54332 0.0000e+00
       5608 209.312790     74.716     75.152          1    26.5485  56.110474  56.060883     5.8753    23.6197    26.5315    35.9988    6.55973    6.54285 0.0000e+00
       5609 209.312790     74.678     75.103          1    26.5547  56.121071  56.072910     5.8747    23.6199    26.5376    36.0017    6.55895    6.54207 0.0000e+00
       5610 209.312805     74.602     75.054          1    26.5596  56.138176  56.082703     5.8740    23.6248    26.5425    36.0102    6.55810    6.54123 0.0000e+00
       5611 209.312805     74.625     75.005          1    26.5665  56.158112  56.087952     5.8759    23.6295    26.5494    36.0193    6.55702    6.54014 0.0000e+00
       5612 209.312805     74.511     74.956          1    26.5830  56.183109  56.104321     5.8779    23.6282    26.5659    36.0245    6.55503    6.53816 0.0000e+00
       5613 209.312805     74.428     74.907          1    26.6031  56.213062  56.142735     5.8773    23.6263    26.5860    36.0305    6.55262    6.53575 0.0000e+00
       5614 209.312805     74.511     74.859          1    26.6276  56.240616  56.187965     5.8765    23.6191    26.6105    36.0313    6.54992    6.53306 0.0000e+00
       5615 209.312805     74.344     74.810          1    26.6594  56.265961  56.220825     5.8788    23.6041    26.6424    36.0248    6.54670    6.52984 0.0000e+00
       5616 209.312805     74.375     74.760          1    26.6907  56.287769  56.240543     5.8810    23.5877    26.6736    36.0162    6.54362    6.52676 0.0000e+00
       5617 209.312805     74.283     74.711          1    26.7197  56.302555  56.259636     5.8807    23.5694    26.7026    36.0043    6.54091    6.52405 0.0000e+00
       5618 209.312805     74.230     74.661          1    26.7465  56.313801  56.281998     5.8834    23.5513    26.7294    35.9916    6.53848    6.52162 0.0000e+00
       5619 209.312805     74.147     74.611          1    26.7638  56.327896  56.302181     5.8837    23.5433    26.7468    35.9882    6.53672    6.51986 0.0000e+00
       5620 209.312805     74.170     74.562          1    26.7782  56.341366  56.319664     5.8865    23.5376    26.7612    35.9868    6.53522    6.51836 0.0000e+00
       5621 209.312805     74.116     74.513          1    26.7919  56.356178  56.338921     5.8892    23.5332    26.7749    35.9868    6.53373    6.51688 0.0000e+00
       5622 209.312805     73.980     74.463          1    26.8077  56.376503  56.359573     5.8920    23.5300    26.7906    35.9892    6.53193    6.51509 0.0000e+00
       5623 209.312805     74.003     74.414          1    26.8218  56.395592  56.379868     5.8948    23.5276    26.8048    35.9920    6.53030    6.51346 0.0000e+00
       5624 209.312805     73.942     74.366          1    26.8438  56.410725  56.398838     5.8972    23.5159    26.8268    35.9858    6.52815    6.51131 0.0000e+00
       5625 209.312805     73.866     74.318          1    26.8653  56.425964  56.413403     5.8997    23.5047    26.8483    35.9800    6.52604    6.50919 0.0000e+00
       5626 209.312805     73.889     74.270          1    26.8809  56.440529  56.422764     5.9002    23.4985    26.8639    35.9784    6.52441    6.50757 0.0000e+00
       5627 209.312805     73.775     74.222          1    26.8972  56.449459  56.432106     5.9032    23.4887    26.8801    35.9723    6.52289    6.50605 0.0000e+00
       5628 209.312805     73.752     74.174          1    26.9122  56.457516  56.442261     5.9060    23.4794    26.8952    35.9664    6.52148    6.50464 0.0000e+00
       5629 209.312805     73.661     74.127          1    26.9229  56.466385  56.451977     5.9088    23.4746    26.9059    35.9645    6.52039    6.50356 0.0000e+00
       5630 209.312805     73.608     74.081          1    26.9308  56.473625  56.459743     5.9086    23.4714    26.9138    35.9636    6.51958    6.50274 0.0000e+00
       5631 209.312805     73.585     74.037          1    26.9407  56.479576  56.466248     5.9105    23.4657    26.9237    35.9602    6.51863    6.50180 0.0000e+00
       5632 209.312805     73.547     73.995          1    26.9484  56.483959  56.471729     5.9124    23.4610    26.9314    35.9574    6.51790    6.50107 0.0000e+00
       5633 209.312805     73.547     73.954          1    26.9547  56.487610  56.474220     5.9120    23.4574    26.9377    35.9551    6.51731    6.50048 0.0000e+00
       5634 209.312805     73.418     73.913          1    26.9600  56.492035  56.476772     5.9117    23.4549    26.9431    35.9542    6.51677    6.49994 0.0000e+00
       5635 209.312805     73.433     73.874          1    26.9646  56.496288  56.481125     5.9141    23.4531    26.9477    35.9537    6.51629    6.49946 0.0000e+00
       5636 209.312805     73.433     73.836          1    26.9694  56.500095  56.485626     5.9141    23.4508    26.9525    35.9527    6.51581    6.49898 0.0000e+00
       5637 209.312805     73.357     73.799          1    26.9744  56.501945  56.488419     5.9139    23.4473    26.9574    35.9502    6.51537    6.49854 0.0000e+00
       5638 209.312805     73.266     73.762          1    26.9786  56.503181  56.492054     5.9135    23.4442    26.9616    35.9479    6.51500    6.49817 0.0000e+00
       5639 209.312805     73.266     73.728          1    26.9812  56.504532  56.495800     5.9157    23.4426    26.9643    35.9468    6.51475    6.49793 0.0000e+00
       5640 209.312805     73.243     73.696          1    26.9831  56.505924  56.497326     5.9180    23.4417    26.9661    35.9464    6.51457    6.49775 0.0000e+00
       5641 209.312805     73.266     73.665          1    26.9844  56.507084  56.496681     5.9176    23.4411    26.9674    35.9462    6.51444    6.49761 0.0000e+00
       5642 209.312820     73.152     73.634          1    26.9862  56.507526  56.496456     5.9175    23.4397    26.9693    35.9451    6.51428    6.49745 0.0000e+00
       5643 209.312820     73.190     73.605          1    26.9875  56.508110  56.496017     5.9198    23.4389    26.9706    35.9446    6.51416    6.49734 0.0000e+00
       5644 209.312820     73.152     73.577          1    26.9881  56.508980  56.487675     5.9223    23.4388    26.9712    35.9447    6.51409    6.49726 0.0000e+00
       5645 209.312820     73.152     73.548          1    26.9886  56.509907  56.479340     5.9248    23.4389    26.9717    35.9450    6.51403    6.49720 0.0000e+00
       5646 209.312820     73.023     73.520          1    26.9890  56.510544  56.481976     5.9244    23.4389    26.9721    35.9452    6.51398    6.49716 0.0000e+00
       5647 209.312820     73.099     73.493          1    26.9901  56.511024  56.488693     5.9242    23.4381    26.9732    35.9447    6.51388    6.49706 0.0000e+00
       5648 209.312820     72.985     73.467          1    26.9906  56.511490  56.488426     5.9240    23.4379    26.9737    35.9446    6.51382    6.49700 0.0000e+00
       5649 209.312820     73.023     73.442          1    26.9910  56.511951  56.478043     5.9237    23.4378    26.9741    35.9447    6.51378    6.49696 0.0000e+00
       5650 209.312820     72.924     73.419          1    26.9916  56.510323  56.467838     5.9261    23.4364    26.9747    35.9430    6.51378    6.49695 0.0000e+00
       5651 209.312820     72.924     73.398          1    26.9917  56.509689  56.464905     5.9256    23.4359    26.9748    35.9425    6.51378    6.49696 0.0000e+00
       5652 209.312820     73.023     73.378          1    26.9904  56.509323  56.468567     5.9251    23.4369    26.9736    35.9432    6.51390    6.49707 0.0000e+00
       5653 209.312820     72.818     73.359          1    26.9890  56.507988  56.473709     5.9247    23.4375    26.9721    35.9434    6.51405    6.49722 0.0000e+00
       5654 209.312820     72.985     73.342          1    26.9895  56.505898  56.476410     5.9240    23.4359    26.9726    35.9415    6.51406    6.49723 0.0000e+00
       5655 209.312820     72.848     73.325          1    26.9875  56.504410  56.476765     5.9234    23.4369    26.9707    35.9420    6.51425    6.49743 0.0000e+00
       5656 209.312820     72.924     73.308          1    26.9853  56.504978  56.476212     5.9229    23.4392    26.9684    35.9441    6.51442    6.49759 0.0000e+00
       5657 209.312820     72.818     73.292          1    26.9838  56.507183  56.479687     5.9251    23.4418    26.9669    35.9469    6.51448    6.49765 0.0000e+00
       5658 209.312820     72.848     73.278          1    26.9844  56.508049  56.484303     5.9221    23.4417    26.9675    35.9471    6.51441    6.49758 0.0000e+00
       5659 209.312820     72.871     73.263          1    26.9860  56.506729  56.484005     5.9245    23.4395    26.9691    35.9449    6.51431    6.49749 0.0000e+00
       5660 209.312820     72.818     73.249          1    26.9867  56.502373  56.479210     5.9268    23.4365    26.9699    35.9412    6.51437    6.49754 0.0000e+00
       5661 209.312820     72.795     73.235          1    26.9851  56.496319  56.474995     5.9266    23.4347    26.9683    35.9381    6.51466    6.49783 0.0000e+00
       5662 209.312820     72.818     73.221          1    26.9815  56.489285  56.476295     5.9265    23.4342    26.9647    35.9358    6.51513    6.49830 0.0000e+00
       5663 209.312820     72.704     73.208          1    26.9762  56.484226  56.481464     5.9290    23.4362    26.9594    35.9363    6.51568    6.49885 0.0000e+00
       5664 209.312820     72.795     73.197          1    26.9689  56.480713  56.486683     5.9263    23.4410    26.9520    35.9395    6.51636    6.49953 0.0000e+00
       5665 209.312820     72.757     73.187          1    26.9632  56.477757  56.489346     5.9289    23.4445    26.9464    35.9418    6.51689    6.50005 0.0000e+00
       5666 209.312820     72.757     73.177          1    26.9593  56.474434  56.488674     5.9287    23.4462    26.9425    35.9424    6.51728    6.50045 0.0000e+00
       5667 209.312820     72.757     73.167          1    26.9551  56.472584  56.488129     5.9285    23.4490    26.9383    35.9443    6.51766    6.50083 0.0000e+00
       5668 209.312820     72.735     73.157          1    26.9475  56.470280  56.491318     5.9285    23.4546    26.9307    35.9485    6.51833    6.50149 0.0000e+00
       5669 209.312820     72.704     73.147          1    26.9462  56.466198  56.495686     5.9284    23.4536    26.9294    35.9466    6.51853    6.50170 0.0000e+00
       5670 209.312820     72.757     73.138          1    26.9473  56.464371  56.499218     5.9308    23.4516    26.9305    35.9444    6.51849    6.50166 0.0000e+00
       5671 209.312820     72.735     73.128          1    26.9442  56.473148  56.502930     5.9309    23.4592    26.9274    35.9532    6.51851    6.50168 0.0000e+00
       5672 209.312820     72.704     73.117          1    26.9409  56.484375  56.505478     5.9333    23.4682    26.9241    35.9638    6.51848    6.50165 0.0000e+00
       5673 209.312820     72.704     73.106          1    26.9481  56.485119  56.507027     5.9359    23.4621    26.9313    35.9588    6.51789    6.50106 0.0000e+00
       5674 209.312836     72.735     73.093          1    26.9606  56.479004  56.508675     5.9357    23.4475    26.9438    35.9447    6.51706    6.50022 0.0000e+00
       5675 209.312836     72.590     73.081          1    26.9622  56.468716  56.510246     5.9355    23.4405    26.9454    35.9360    6.51720    6.50036 0.0000e+00
       5676 209.312836     72.704     73.068          1    26.9571  56.456558  56.511135     5.9353    23.4385    26.9403    35.9313    6.51792    6.50109 0.0000e+00
       5677 209.312836     72.735     73.055          1    26.9475  56.451557  56.512440     5.9379    23.4445    26.9307    35.9351    6.51882    6.50198 0.0000e+00
       5678 209.312836     72.590     73.039          1    26.9359  56.456097  56.513214     5.9377    23.4574    26.9191    35.9474    6.51962    6.50278 0.0000e+00
       5679 209.312836     72.590     73.023          1    26.9282  56.464195  56.513744     5.9402    23.4688    26.9114    35.9592    6.52002    6.50318 0.0000e+00
       5680 209.312836     72.621     73.007          1    26.9322  56.472118  56.513874     5.9401    23.4694    26.9155    35.9617    6.51949    6.50265 0.0000e+00
       5681 209.312836     72.643     72.990          1    26.9383  56.480659  56.513248     5.9399    23.4686    26.9215    35.9632    6.51878    6.50195 0.0000e+00
       5682 209.312836     72.476     72.973          1    26.9451  56.488541  56.512871     5.9424    23.4667    26.9284    35.9635    6.51803    6.50120 0.0000e+00
       5683 209.312836     72.567     72.956          1    26.9534  56.495190  56.512016     5.9424    23.4628    26.9366    35.9619    6.51720    6.50037 0.0000e+00
       5684 209.312836     72.529     72.939          1    26.9606  56.501816  56.510731     5.9422    23.4599    26.9438    35.9611    6.51645    6.49962 0.0000e+00
       5685 209.312836     72.590     72.921          1    26.9683  56.507145  56.509598     5.9448    23.4558    26.9516    35.9589    6.51570    6.49887 0.0000e+00
       5686 209.312836     72.454     72.902          1    26.9755  56.510738  56.508366     5.9448    23.4512    26.9587    35.9560    6.51504    6.49821 0.0000e+00
