translate/ONIV_005T.cnv
* Sea-Bird SBE 9 Data File:
* FileName = D:\COMISSOES\2009\OCEANO_NORTE_IV\Bruto\ONIV_005.dat
* Software Version Seasave Win32 V 5.37d
* Temperature SN = 2896
* Conductivity SN = 1499
* Number of Bytes Per Scan = 21
* Number of Voltage Words = 1
* Number of Scans Averaged by the Deck Unit = 1
* NMEA Latitude = 03 02.42 N
* NMEA Longitude = 048 39.93 W
* NMEA UTC (Time) = 23:28:27
** H40
** NOc ANTARES
** 204
** OCEANO N IV
**    005
**   03 02.25 N
**   048 39.88 W
**   25/07/2009 23:22
**   84
** 9P46375-0881
**   1T TANGARI
# nquan = 15                                
# nvalues = 10548                       
# units = specified
# name 0 = scan: Scan Count
# name 1 = timeJ: Julian Days
# name 2 = depSM: Depth [salt water, m]
# name 3 = prDM: Pressure, Digiquartz [db]
# name 4 = pumps: Pump Status
# name 5 = t090C: Temperature [ITS-90, deg C]
# name 6 = c0mS/cm: Conductivity [mS/cm]
# name 7 = c1mS/cm: Conductivity, 2 [mS/cm]
# name 8 = sbeox0Mg/L: Oxygen, SBE 43 [mg/l]
# name 9 = sigma-é00: Density [sigma-theta, kg/m^3]
# name 10 = potemp090C: Potential Temperature [ITS-90, deg C]
# name 11 = sal00: Salinity, Practical [PSU]
# name 12 = oxsolMg/L: Oxygen Saturation, Garcia & Gordon [mg/l]
# name 13 = oxsatMg/L: Oxygen Saturation, Weiss [mg/l]
# name 14 = flag: flag
# span 0 =          1,      10548       
# span 1 = 206.976013, 206.981094       
# span 2 =     -0.953,     70.849       
# span 3 =     -0.823,     71.167       
# span 4 =          1,          1       
# span 5 =    26.4918,    27.8596       
# span 6 =  56.182270,  57.213493       
# span 7 =  56.138206,  57.225021       
# span 8 =     0.1748,     5.8808       
# span 9 =    22.9428,    23.9785       
# span 10 =    26.4759,    27.8595      
# span 11 =    35.6660,    36.4511      
# span 12 =    6.42845,    6.56038      
# span 13 =    6.41183,    6.54351      
# span 14 = 0.0000e+00, 0.0000e+00      
# interval = seconds: 0.0416667
# start_time = Jul 25 2009 23:25:27 [System UpLoad Time]
# bad_flag = -9.990e-29
*END*
[from data line 5784]
       5785 206.978790     62.655     63.040          1    26.7231  56.373802  56.355434     5.1745    23.6070    26.7087    36.0567    6.53861    6.52176 0.0000e+00
       5786 206.978790     62.602     63.000          1    26.7203  56.371147  56.356697     5.1585    23.6081    26.7059    36.0569    6.53890    6.52206 0.0000e+00
       5787 206.978790     62.602     62.962          1    26.7177  56.367886  56.355103     5.1425    23.6087    26.7033    36.0566    6.53920    6.52235 0.0000e+00
       5788 206.978790     62.473     62.925          1    26.7160  56.364738  56.353539     5.1291    23.6085    26.7016    36.0557    6.53942    6.52257 0.0000e+00
       5789 206.978806     62.488     62.891          1    26.7108  56.361294  56.354809     5.1185    23.6114    26.6965    36.0573    6.53992    6.52307 0.0000e+00
       5790 206.978806     62.541     62.859          1    26.7061  56.358543  56.357265     5.0999    23.6141    26.6918    36.0590    6.54037    6.52352 0.0000e+00
       5791 206.978806     62.435     62.826          1    26.7046  56.358189  56.357220     5.0840    23.6153    26.6903    36.0599    6.54050    6.52365 0.0000e+00
       5792 206.978806     62.374     62.795          1    26.7053  56.357819  56.354382     5.0734    23.6144    26.6910    36.0591    6.54045    6.52360 0.0000e+00
       5793 206.978806     62.374     62.766          1    26.7063  56.356915  56.352951     5.0574    23.6131    26.6920    36.0577    6.54040    6.52355 0.0000e+00
       5794 206.978806     62.321     62.739          1    26.7057  56.356537  56.352249     5.0441    23.6134    26.6914    36.0578    6.54045    6.52360 0.0000e+00
       5795 206.978806     62.321     62.714          1    26.7042  56.356236  56.351742     5.0307    23.6146    26.6899    36.0588    6.54058    6.52373 0.0000e+00
       5796 206.978806     62.321     62.691          1    26.7037  56.355396  56.351460     5.0175    23.6147    26.6894    36.0586    6.54065    6.52380 0.0000e+00
       5797 206.978806     62.321     62.669          1    26.7022  56.354889  56.352085     5.0015    23.6157    26.6879    36.0595    6.54078    6.52393 0.0000e+00
       5798 206.978806     62.192     62.648          1    26.7011  56.353886  56.353672     4.9882    23.6162    26.6868    36.0596    6.54089    6.52404 0.0000e+00
       5799 206.978806     62.260     62.629          1    26.7000  56.352539  56.353840     4.9723    23.6165    26.6857    36.0595    6.54102    6.52417 0.0000e+00
       5800 206.978806     62.260     62.611          1    26.6985  56.351669  56.353687     4.9589    23.6174    26.6842    36.0601    6.54116    6.52431 0.0000e+00
       5801 206.978806     62.147     62.595          1    26.6962  56.350971  56.353214     4.9457    23.6190    26.6819    36.0613    6.54136    6.52451 0.0000e+00
       5802 206.978806     62.207     62.580          1    26.6947  56.350376  56.353233     4.9297    23.6200    26.6805    36.0620    6.54149    6.52464 0.0000e+00
       5803 206.978806     62.207     62.568          1    26.6934  56.349712  56.353573     4.9165    23.6209    26.6791    36.0626    6.54161    6.52476 0.0000e+00
       5804 206.978806     62.147     62.556          1    26.6929  56.349117  56.353840     4.9033    23.6211    26.6786    36.0626    6.54167    6.52482 0.0000e+00
       5805 206.978806     62.147     62.546          1    26.6934  56.347996  56.353783     4.8874    23.6200    26.6791    36.0614    6.54166    6.52481 0.0000e+00
       5806 206.978806     62.207     62.537          1    26.6943  56.347084  56.352779     4.8742    23.6186    26.6800    36.0600    6.54161    6.52476 0.0000e+00
       5807 206.978806     62.147     62.528          1    26.6953  56.347084  56.349163     4.8583    23.6178    26.6810    36.0592    6.54153    6.52468 0.0000e+00
       5808 206.978806     62.093     62.521          1    26.6960  56.345745  56.342220     4.8449    23.6164    26.6818    36.0577    6.54151    6.52466 0.0000e+00
       5809 206.978806     62.139     62.516          1    26.6968  56.344364  56.333588     4.8316    23.6149    26.6825    36.0561    6.54149    6.52463 0.0000e+00
       5810 206.978806     62.207     62.512          1    26.6973  56.343639  56.328762     4.8183    23.6140    26.6831    36.0552    6.54146    6.52461 0.0000e+00
       5811 206.978806     62.093     62.507          1    26.6979  56.343433  56.328526     4.8050    23.6134    26.6836    36.0546    6.54143    6.52457 0.0000e+00
       5812 206.978806     62.147     62.503          1    26.6971  56.343151  56.327877     4.7918    23.6140    26.6829    36.0550    6.54149    6.52464 0.0000e+00
       5813 206.978806     62.147     62.500          1    26.6964  56.342541  56.323677     4.7758    23.6143    26.6821    36.0551    6.54156    6.52471 0.0000e+00
       5814 206.978806     62.093     62.498          1    26.6953  56.342171  56.318630     4.7599    23.6151    26.6810    36.0557    6.54166    6.52481 0.0000e+00
       5815 206.978806     62.093     62.497          1    26.6942  56.341419  56.315235     4.7493    23.6157    26.6799    36.0560    6.54177    6.52492 0.0000e+00
       5816 206.978806     62.147     62.498          1    26.6926  56.341164  56.311741     4.7361    23.6170    26.6783    36.0571    6.54190    6.52505 0.0000e+00
       5817 206.978806     62.147     62.499          1    26.6904  56.340565  56.309742     4.7228    23.6186    26.6762    36.0583    6.54209    6.52524 0.0000e+00
       5818 206.978806     62.147     62.500          1    26.6889  56.340076  56.308819     4.7070    23.6197    26.6747    36.0592    6.54223    6.52538 0.0000e+00
       5819 206.978806     62.139     62.501          1    26.6880  56.340042  56.308971     4.6937    23.6205    26.6738    36.0598    6.54230    6.52545 0.0000e+00
       5820 206.978821     62.147     62.503          1    26.6870  56.340000  56.310337     4.6776    23.6214    26.6727    36.0606    6.54238    6.52553 0.0000e+00
       5821 206.978821     62.147     62.504          1    26.6848  56.339329  56.312111     4.6670    23.6230    26.6706    36.0618    6.54257    6.52572 0.0000e+00
       5822 206.978821     62.147     62.506          1    26.6830  56.338589  56.314495     4.6536    23.6243    26.6687    36.0627    6.54274    6.52589 0.0000e+00
       5823 206.978821     62.033     62.509          1    26.6811  56.338383  56.315868     4.6427    23.6259    26.6668    36.0640    6.54290    6.52605 0.0000e+00
       5824 206.978821     62.260     62.514          1    26.6797  56.337849  56.316513     4.6286    23.6269    26.6654    36.0648    6.54302    6.52617 0.0000e+00
       5825 206.978821     62.207     62.518          1    26.6779  56.337811  56.318802     4.6165    23.6285    26.6637    36.0661    6.54316    6.52631 0.0000e+00
       5826 206.978821     62.147     62.520          1    26.6763  56.337395  56.319969     4.6014    23.6297    26.6620    36.0671    6.54331    6.52646 0.0000e+00
       5827 206.978821     62.147     62.521          1    26.6749  56.336884  56.320229     4.5871    23.6307    26.6607    36.0678    6.54343    6.52658 0.0000e+00
       5828 206.978821     62.207     62.524          1    26.6733  56.336632  56.320156     4.5687    23.6320    26.6590    36.0688    6.54356    6.52671 0.0000e+00
       5829 206.978821     62.147     62.526          1    26.6727  56.336884  56.318924     4.5498    23.6327    26.6584    36.0695    6.54361    6.52675 0.0000e+00
       5830 206.978821     62.139     62.528          1    26.6727  56.336525  56.317165     4.5350    23.6325    26.6584    36.0692    6.54362    6.52676 0.0000e+00
       5831 206.978821     62.207     62.531          1    26.6724  56.336048  56.314499     4.5193    23.6325    26.6581    36.0692    6.54366    6.52680 0.0000e+00
       5832 206.978821     62.147     62.534          1    26.6716  56.336300  56.309792     4.5072    23.6334    26.6573    36.0699    6.54371    6.52686 0.0000e+00
       5833 206.978821     62.207     62.538          1    26.6710  56.336353  56.305813     4.4984    23.6339    26.6568    36.0704    6.54375    6.52690 0.0000e+00
       5834 206.978821     62.207     62.541          1    26.6707  56.336201  56.304134     4.4823    23.6342    26.6564    36.0706    6.54379    6.52694 0.0000e+00
       5835 206.978821     62.207     62.543          1    26.6705  56.336224  56.306713     4.4716    23.6343    26.6562    36.0707    6.54380    6.52695 0.0000e+00
       5836 206.978821     62.207     62.544          1    26.6701  56.335983  56.311970     4.4580    23.6345    26.6558    36.0709    6.54384    6.52699 0.0000e+00
       5837 206.978821     62.207     62.545          1    26.6692  56.335865  56.316631     4.4524    23.6353    26.6549    36.0715    6.54392    6.52706 0.0000e+00
       5838 206.978821     62.207     62.545          1    26.6677  56.336277  56.319630     4.4470    23.6369    26.6534    36.0730    6.54402    6.52717 0.0000e+00
       5839 206.978821     62.207     62.544          1    26.6667  56.336159  56.320553     4.4390    23.6377    26.6525    36.0736    6.54410    6.52725 0.0000e+00
       5840 206.978821     62.147     62.543          1    26.6667  56.336330  56.321785     4.4310    23.6378    26.6525    36.0738    6.54410    6.52725 0.0000e+00
       5841 206.978821     62.245     62.542          1    26.6671  56.336159  56.322384     4.4308    23.6374    26.6528    36.0733    6.54407    6.52722 0.0000e+00
       5842 206.978821     62.207     62.541          1    26.6677  56.335842  56.322571     4.4307    23.6367    26.6534    36.0727    6.54404    6.52718 0.0000e+00
       5843 206.978821     62.147     62.538          1    26.6695  56.336060  56.321987     4.4306    23.6351    26.6553    36.0714    6.54388    6.52703 0.0000e+00
       5844 206.978821     62.207     62.536          1    26.6714  56.336414  56.320415     4.4330    23.6336    26.6571    36.0702    6.54372    6.52687 0.0000e+00
       5845 206.978821     62.207     62.534          1    26.6746  56.336372  56.318886     4.4434    23.6307    26.6603    36.0676    6.54347    6.52662 0.0000e+00
       5846 206.978821     62.207     62.530          1    26.6768  56.336002  56.319267     4.4538    23.6285    26.6626    36.0657    6.54330    6.52645 0.0000e+00
       5847 206.978821     62.207     62.525          1    26.6763  56.335602  56.320194     4.4720    23.6288    26.6620    36.0658    6.54336    6.52650 0.0000e+00
       5848 206.978821     62.147     62.519          1    26.6761  56.335373  56.319908     4.4902    23.6288    26.6618    36.0658    6.54338    6.52652 0.0000e+00
       5849 206.978821     62.147     62.513          1    26.6770  56.336113  56.319569     4.5110    23.6284    26.6627    36.0656    6.54328    6.52643 0.0000e+00
       5850 206.978821     62.147     62.507          1    26.6781  56.336308  56.319511     4.5372    23.6275    26.6638    36.0649    6.54319    6.52634 0.0000e+00
       5851 206.978821     62.192     62.502          1    26.6774  56.336254  56.319794     4.5609    23.6281    26.6631    36.0654    6.54325    6.52640 0.0000e+00
       5852 206.978836     62.147     62.495          1    26.6774  56.336437  56.319435     4.5926    23.6282    26.6632    36.0655    6.54324    6.52639 0.0000e+00
       5853 206.978836     62.147     62.488          1    26.6781  56.336174  56.319115     4.6217    23.6274    26.6638    36.0648    6.54319    6.52634 0.0000e+00
       5854 206.978836     62.147     62.480          1    26.6793  56.336819  56.316956     4.6532    23.6267    26.6650    36.0644    6.54309    6.52623 0.0000e+00
       5855 206.978836     62.147     62.471          1    26.6800  56.337166  56.314785     4.6877    23.6262    26.6657    36.0640    6.54302    6.52617 0.0000e+00
       5856 206.978836     62.147     62.461          1    26.6804  56.336578  56.315094     4.7221    23.6255    26.6662    36.0633    6.54300    6.52615 0.0000e+00
       5857 206.978836     62.147     62.450          1    26.6817  56.336502  56.315697     4.7536    23.6244    26.6674    36.0623    6.54290    6.52605 0.0000e+00
       5858 206.978836     62.093     62.436          1    26.6833  56.336349  56.315296     4.7878    23.6228    26.6691    36.0609    6.54277    6.52592 0.0000e+00
       5859 206.978836     62.093     62.422          1    26.6846  56.337200  56.315979     4.8219    23.6220    26.6704    36.0604    6.54264    6.52579 0.0000e+00
       5860 206.978836     62.033     62.407          1    26.6857  56.338024  56.317345     4.8562    23.6216    26.6714    36.0602    6.54254    6.52569 0.0000e+00
       5861 206.978836     62.093     62.392          1    26.6854  56.337608  56.318550     4.8931    23.6216    26.6711    36.0602    6.54257    6.52572 0.0000e+00
       5862 206.978836     62.025     62.376          1    26.6839  56.336433  56.319740     4.9247    23.6223    26.6697    36.0605    6.54272    6.52587 0.0000e+00
       5863 206.978836     61.979     62.360          1    26.6833  56.336796  56.320381     4.9588    23.6230    26.6691    36.0612    6.54276    6.52591 0.0000e+00
       5864 206.978836     62.033     62.343          1    26.6840  56.337154  56.320210     4.9904    23.6227    26.6697    36.0610    6.54270    6.52585 0.0000e+00
       5865 206.978836     61.979     62.326          1    26.6845  56.336838  56.320004     5.0248    23.6220    26.6703    36.0603    6.54267    6.52581 0.0000e+00
       5866 206.978836     61.979     62.308          1    26.6852  56.336914  56.318657     5.0538    23.6214    26.6710    36.0598    6.54261    6.52575 0.0000e+00
       5867 206.978836     61.926     62.290          1    26.6856  56.336521  56.317825     5.0881    23.6208    26.6714    36.0593    6.54259    6.52573 0.0000e+00
       5868 206.978836     61.979     62.271          1    26.6858  56.336990  56.317413     5.1143    23.6209    26.6716    36.0594    6.54255    6.52570 0.0000e+00
       5869 206.978836     61.866     62.251          1    26.6860  56.336903  56.317547     5.1430    23.6207    26.6718    36.0592    6.54254    6.52569 0.0000e+00
       5870 206.978836     61.926     62.231          1    26.6860  56.336704  56.317623     5.1770    23.6206    26.6718    36.0591    6.54255    6.52570 0.0000e+00
       5871 206.978836     61.926     62.209          1    26.6856  56.336380  56.317963     5.2059    23.6208    26.6714    36.0592    6.54259    6.52574 0.0000e+00
       5872 206.978836     61.812     62.185          1    26.6857  56.336971  56.318642     5.2295    23.6210    26.6715    36.0595    6.54257    6.52571 0.0000e+00
       5873 206.978836     61.850     62.161          1    26.6854  56.336670  56.319000     5.2532    23.6211    26.6712    36.0596    6.54260    6.52575 0.0000e+00
       5874 206.978836     61.812     62.136          1    26.6854  56.336533  56.319794     5.2770    23.6211    26.6712    36.0595    6.54260    6.52575 0.0000e+00
       5875 206.978836     61.812     62.109          1    26.6846  56.336575  56.320663     5.3033    23.6218    26.6705    36.0601    6.54266    6.52581 0.0000e+00
       5876 206.978836     61.752     62.080          1    26.6828  56.336651  56.321152     5.3297    23.6234    26.6687    36.0616    6.54280    6.52595 0.0000e+00
       5877 206.978836     61.699     62.050          1    26.6807  56.336151  56.320847     5.3508    23.6251    26.6666    36.0629    6.54298    6.52613 0.0000e+00
       5878 206.978836     61.699     62.019          1    26.6793  56.336109  56.320774     5.3745    23.6264    26.6651    36.0640    6.54310    6.52625 0.0000e+00
       5879 206.978836     61.699     61.987          1    26.6790  56.336151  56.320908     5.3957    23.6266    26.6649    36.0642    6.54311    6.52626 0.0000e+00
