translate/ONIV_007T.cnv
* Sea-Bird SBE 9 Data File:
* FileName = D:\COMISSOES\2009\OCEANO_NORTE_IV\Bruto\ONIV_007.dat
* Software Version Seasave Win32 V 5.37d
* Temperature SN = 2326
* Conductivity SN = 2002
* Number of Bytes Per Scan = 21
* Number of Voltage Words = 1
* Number of Scans Averaged by the Deck Unit = 1
* NMEA Latitude = 04 06.56 N
* NMEA Longitude = 050 34.33 W
* NMEA UTC (Time) = 17:27:38
** H40
** NOc ANTARES
** 204
** OCEANO N IV
**   007
**   04 06.40 N
**   050 34.32 W
**   06/08/09 17:20
** 9P46375-0881
**   1T JORGE LUIZ
# nquan = 15                                
# nvalues = 9537                        
# units = specified
# name 0 = scan: Scan Count
# name 1 = timeJ: Julian Days
# name 2 = depSM: Depth [salt water, m]
# name 3 = prDM: Pressure, Digiquartz [db]
# name 4 = pumps: Pump Status
# name 5 = t090C: Temperature [ITS-90, deg C]
# name 6 = c0mS/cm: Conductivity [mS/cm]
# name 7 = c1mS/cm: Conductivity, 2 [mS/cm]
# name 8 = sbeox0Mg/L: Oxygen, SBE 43 [mg/l]
# name 9 = sigma-é00: Density [sigma-theta, kg/m^3]
# name 10 = potemp090C: Potential Temperature [ITS-90, deg C]
# name 11 = sal00: Salinity, Practical [PSU]
# name 12 = oxsolMg/L: Oxygen Saturation, Garcia & Gordon [mg/l]
# name 13 = oxsatMg/L: Oxygen Saturation, Weiss [mg/l]
# name 14 = flag: flag
# span 0 =          1,       9537       
# span 1 = 218.725189, 218.729797       
# span 2 =     -0.597,     59.496       
# span 3 =     -0.518,     59.717       
# span 4 =          1,          1       
# span 5 =    26.5942,    28.7042       
# span 6 =  33.750744,  57.044971       
# span 7 =  33.761112,  57.030491       
# span 8 =     3.8150,     8.3161       
# span 9 =    10.6040,    23.6230       
# span 10 =    26.5809,    28.7018      
# span 11 =    19.5464,    36.0345      
# span 12 =    6.41939,    6.95780      
# span 13 =    6.40278,    6.93865      
# span 14 = 0.0000e+00, 0.0000e+00      
# interval = seconds: 0.0416667
# start_time = Aug 06 2009 17:24:17 [System UpLoad Time]
# bad_flag = -9.990e-29
*END*
[from data line 8001]
       8002 218.729050     17.494     17.566          1    27.9864  57.044212  57.029579     5.4851    22.8354    27.9823    35.5783    6.42127    6.40466 0.0000e+00
       8003 218.729050     17.380     17.526          1    27.9874  57.043686  57.029636     5.4851    22.8343    27.9832    35.5772    6.42121    6.40460 0.0000e+00
       8004 218.729050     17.342     17.488          1    27.9882  57.043865  57.030113     5.4878    22.8336    27.9841    35.5767    6.42114    6.40453 0.0000e+00
       8005 218.729050     17.380     17.452          1    27.9890  57.043861  57.030434     5.4852    22.8329    27.9849    35.5761    6.42108    6.40447 0.0000e+00
       8006 218.729050     17.267     17.415          1    27.9899  57.044292  57.030491     5.4853    22.8323    27.9858    35.5757    6.42100    6.40439 0.0000e+00
       8007 218.729065     17.267     17.380          1    27.9910  57.044621  57.030205     5.4854    22.8315    27.9869    35.5751    6.42090    6.40429 0.0000e+00
       8008 218.729065     17.213     17.346          1    27.9918  57.044971  57.030052     5.4830    22.8310    27.9877    35.5748    6.42084    6.40423 0.0000e+00
       8009 218.729065     17.213     17.314          1    27.9923  57.044830  57.030033     5.4807    22.8304    27.9883    35.5743    6.42079    6.40419 0.0000e+00
       8010 218.729065     17.153     17.282          1    27.9931  57.044170  57.030033     5.4812    22.8295    27.9890    35.5733    6.42075    6.40415 0.0000e+00
       8011 218.729065     17.100     17.251          1    27.9934  57.043804  57.030033     5.4817    22.8289    27.9894    35.5728    6.42074    6.40413 0.0000e+00
       8012 218.729065     17.115     17.222          1    27.9942  57.043747  57.030033     5.4824    22.8282    27.9901    35.5722    6.42068    6.40407 0.0000e+00
       8013 218.729065     17.039     17.195          1    27.9947  57.043453  57.030033     5.4804    22.8276    27.9907    35.5716    6.42064    6.40403 0.0000e+00
       8014 218.729065     17.039     17.169          1    27.9951  57.043823  57.030262     5.4812    22.8275    27.9911    35.5715    6.42060    6.40399 0.0000e+00
       8015 218.729065     17.039     17.145          1    27.9955  57.043861  57.030167     5.4766    22.8272    27.9914    35.5713    6.42057    6.40396 0.0000e+00
       8016 218.729065     16.986     17.123          1    27.9966  57.043999  57.030052     5.4772    22.8262    27.9926    35.5706    6.42048    6.40387 0.0000e+00
       8017 218.729065     16.986     17.101          1    27.9980  57.044407  57.030033     5.4750    22.8251    27.9940    35.5698    6.42036    6.40375 0.0000e+00
       8018 218.729065     16.986     17.080          1    27.9988  57.044346  57.029461     5.4728    22.8244    27.9948    35.5691    6.42030    6.40369 0.0000e+00
       8019 218.729065     16.933     17.060          1    27.9997  57.043179  57.029385     5.4732    22.8230    27.9957    35.5676    6.42026    6.40365 0.0000e+00
       8020 218.729065     16.948     17.040          1    28.0003  57.042988  57.029766     5.4712    22.8224    27.9963    35.5671    6.42022    6.40361 0.0000e+00
       8021 218.729065     16.933     17.021          1    28.0008  57.043453  57.029709     5.4691    22.8222    27.9968    35.5670    6.42017    6.40356 0.0000e+00
       8022 218.729065     16.933     17.001          1    28.0012  57.043938  57.029594     5.4695    22.8221    27.9972    35.5671    6.42012    6.40352 0.0000e+00
       8023 218.729065     16.819     16.982          1    28.0012  57.043644  57.029575     5.4673    22.8219    27.9972    35.5669    6.42013    6.40352 0.0000e+00
       8024 218.729065     16.819     16.964          1    28.0016  57.043335  57.029232     5.4675    22.8214    27.9976    35.5663    6.42011    6.40350 0.0000e+00
       8025 218.729065     16.819     16.948          1    28.0023  57.043804  57.029346     5.4677    22.8210    27.9983    35.5662    6.42004    6.40344 0.0000e+00
       8026 218.729065     16.872     16.934          1    28.0021  57.043625  57.029537     5.4654    22.8211    27.9981    35.5662    6.42006    6.40345 0.0000e+00
       8027 218.729065     16.758     16.919          1    28.0023  57.043041  57.029232     5.4631    22.8206    27.9983    35.5656    6.42006    6.40345 0.0000e+00
       8028 218.729065     16.819     16.906          1    28.0029  57.042828  57.029346     5.4635    22.8200    27.9989    35.5650    6.42002    6.40341 0.0000e+00
       8029 218.729065     16.834     16.893          1    28.0039  57.042519  57.029194     5.4664    22.8189    28.0000    35.5640    6.41995    6.40334 0.0000e+00
       8030 218.729065     16.758     16.879          1    28.0051  57.042892  57.029060     5.4666    22.8181    28.0011    35.5634    6.41985    6.40324 0.0000e+00
       8031 218.729065     16.758     16.866          1    28.0049  57.042694  57.029041     5.4693    22.8181    28.0010    35.5634    6.41986    6.40326 0.0000e+00
       8032 218.729065     16.758     16.854          1    28.0038  57.041058  57.028759     5.4695    22.8182    27.9998    35.5631    6.41999    6.40338 0.0000e+00
       8033 218.729065     16.758     16.841          1    28.0032  57.040382  57.028091     5.4699    22.8184    27.9992    35.5631    6.42006    6.40345 0.0000e+00
       8034 218.729065     16.705     16.829          1    28.0047  57.039913  57.027958     5.4703    22.8168    28.0008    35.5616    6.41995    6.40334 0.0000e+00
       8035 218.729065     16.705     16.817          1    28.0066  57.039314  57.027809     5.4704    22.8148    28.0026    35.5598    6.41982    6.40321 0.0000e+00
       8036 218.729065     16.705     16.806          1    28.0075  57.038578  57.027695     5.4673    22.8137    28.0035    35.5586    6.41977    6.40316 0.0000e+00
       8037 218.729065     16.720     16.795          1    28.0086  57.038208  57.027161     5.4672    22.8124    28.0047    35.5575    6.41969    6.40308 0.0000e+00
       8038 218.729080     16.644     16.785          1    28.0094  57.038151  57.026245     5.4702    22.8117    28.0054    35.5569    6.41963    6.40302 0.0000e+00
       8039 218.729080     16.705     16.775          1    28.0099  57.038151  57.025314     5.4734    22.8112    28.0060    35.5565    6.41959    6.40298 0.0000e+00
       8040 218.729080     16.705     16.764          1    28.0100  57.037624  57.024918     5.4740    22.8109    28.0061    35.5560    6.41959    6.40299 0.0000e+00
       8041 218.729080     16.644     16.753          1    28.0107  57.036751  57.024345     5.4717    22.8098    28.0067    35.5549    6.41957    6.40296 0.0000e+00
       8042 218.729080     16.644     16.742          1    28.0112  57.035759  57.023663     5.4746    22.8088    28.0073    35.5538    6.41955    6.40294 0.0000e+00
       8043 218.729080     16.705     16.730          1    28.0117  57.035336  57.023952     5.4774    22.8082    28.0077    35.5532    6.41952    6.40292 0.0000e+00
       8044 218.729080     16.591     16.717          1    28.0123  57.035805  57.024044     5.4774    22.8079    28.0084    35.5530    6.41946    6.40286 0.0000e+00
       8045 218.729080     16.591     16.705          1    28.0125  57.036674  57.023396     5.4750    22.8081    28.0086    35.5535    6.41942    6.40282 0.0000e+00
       8046 218.729080     16.606     16.693          1    28.0125  57.036613  57.022503     5.4752    22.8081    28.0086    35.5535    6.41942    6.40282 0.0000e+00
       8047 218.729080     16.591     16.681          1    28.0130  57.036579  57.022617     5.4781    22.8077    28.0091    35.5531    6.41939    6.40278 0.0000e+00
       8048 218.729080     16.531     16.670          1    28.0131  57.036186  57.022621     5.4785    22.8074    28.0092    35.5527    6.41939    6.40279 0.0000e+00
       8049 218.729080     16.591     16.659          1    28.0129  57.036636  57.022526     5.4761    22.8078    28.0090    35.5532    6.41940    6.40279 0.0000e+00
       8050 218.729080     16.591     16.648          1    28.0132  57.036072  57.021992     5.4765    22.8073    28.0092    35.5526    6.41939    6.40278 0.0000e+00
       8051 218.729080     16.531     16.636          1    28.0131  57.035122  57.021362     5.4793    22.8068    28.0092    35.5520    6.41942    6.40281 0.0000e+00
       8052 218.729080     16.591     16.623          1    28.0133  57.035358  57.021156     5.4768    22.8068    28.0094    35.5520    6.41940    6.40279 0.0000e+00
       8053 218.729080     16.477     16.609          1    28.0135  57.034870  57.021137     5.4772    22.8063    28.0096    35.5515    6.41939    6.40278 0.0000e+00
       8054 218.729080     16.531     16.596          1    28.0133  57.034714  57.020798     5.4827    22.8064    28.0094    35.5516    6.41941    6.40281 0.0000e+00
       8055 218.729080     16.500     16.582          1    28.0131  57.033974  57.020626     5.4805    22.8062    28.0092    35.5512    6.41945    6.40284 0.0000e+00
       8056 218.729080     16.477     16.567          1    28.0124  57.034016  57.020889     5.4807    22.8068    28.0085    35.5517    6.41950    6.40289 0.0000e+00
       8057 218.729080     16.477     16.552          1    28.0125  57.034813  57.020760     5.4782    22.8072    28.0086    35.5522    6.41947    6.40286 0.0000e+00
       8058 218.729080     16.477     16.536          1    28.0118  57.034168  57.021141     5.4783    22.8075    28.0079    35.5523    6.41954    6.40294 0.0000e+00
       8059 218.729080     16.477     16.519          1    28.0096  57.029266  57.021519     5.4782    22.8069    28.0057    35.5506    6.41984    6.40323 0.0000e+00
       8060 218.729080     16.424     16.500          1    28.0086  57.024242  57.021309     5.4781    22.8052    28.0047    35.5478    6.42004    6.40344 0.0000e+00
       8061 218.729080     16.424     16.480          1    28.0090  57.021336  57.021385     5.4783    22.8032    28.0051    35.5454    6.42008    6.40347 0.0000e+00
       8062 218.729080     16.364     16.459          1    28.0101  57.020061  57.021557     5.4785    22.8015    28.0062    35.5437    6.42003    6.40342 0.0000e+00
       8063 218.729080     16.364     16.438          1    28.0097  57.018486  57.021820     5.4784    22.8011    28.0058    35.5429    6.42010    6.40349 0.0000e+00
       8064 218.729080     16.326     16.416          1    28.0098  57.016758  57.020927     5.4814    22.8001    28.0059    35.5417    6.42014    6.40353 0.0000e+00
       8065 218.729080     16.364     16.394          1    28.0094  57.014465  57.019749     5.4846    22.7992    28.0055    35.5403    6.42022    6.40361 0.0000e+00
       8066 218.729080     16.250     16.370          1    28.0094  57.012333  57.020039     5.4849    22.7981    28.0055    35.5388    6.42028    6.40367 0.0000e+00
       8067 218.729080     16.311     16.346          1    28.0089  57.007744  57.021027     5.4851    22.7961    28.0051    35.5360    6.42043    6.40382 0.0000e+00
       8068 218.729080     16.250     16.320          1    28.0086  57.003361  57.020432     5.4875    22.7941    28.0048    35.5331    6.42056    6.40395 0.0000e+00
       8069 218.729080     16.250     16.293          1    28.0079  57.001953  57.018208     5.4900    22.7940    28.0041    35.5327    6.42065    6.40404 0.0000e+00
       8070 218.729095     16.197     16.265          1    28.0071  57.004505  57.015965     5.4925    22.7961    28.0032    35.5351    6.42065    6.40404 0.0000e+00
       8071 218.729095     16.136     16.235          1    28.0069  57.009007  57.014069     5.4925    22.7986    28.0031    35.5384    6.42055    6.40394 0.0000e+00
       8072 218.729095     16.197     16.205          1    28.0066  57.013409  57.011673     5.4928    22.8012    28.0028    35.5418    6.42047    6.40386 0.0000e+00
       8073 218.729095     16.045     16.173          1    28.0064  57.014530  57.009148     5.4933    22.8020    28.0026    35.5427    6.42045    6.40384 0.0000e+00
       8074 218.729095     16.030     16.142          1    28.0060  57.011570  57.006241     5.4938    22.8008    28.0022    35.5410    6.42056    6.40395 0.0000e+00
       8075 218.729095     16.083     16.111          1    28.0057  57.008373  57.003315     5.4966    22.7994    28.0019    35.5390    6.42066    6.40405 0.0000e+00
       8076 218.729095     16.030     16.078          1    28.0053  57.006706  56.999115     5.4968    22.7989    28.0015    35.5381    6.42073    6.40412 0.0000e+00
       8077 218.729095     15.916     16.044          1    28.0051  57.002720  56.992252     5.4995    22.7969    28.0013    35.5354    6.42085    6.40424 0.0000e+00
       8078 218.729095     15.969     16.010          1    28.0045  56.994560  56.979801     5.4996    22.7932    28.0007    35.5302    6.42110    6.40449 0.0000e+00
       8079 218.729095     15.916     15.975          1    28.0040  56.983517  56.961983     5.4993    22.7878    28.0002    35.5228    6.42142    6.40480 0.0000e+00
       8080 218.729095     15.855     15.938          1    28.0027  56.968727  56.941555     5.4992    22.7811    27.9989    35.5134    6.42189    6.40528 0.0000e+00
       8081 218.729095     15.802     15.902          1    28.0014  56.951263  56.927185     5.4995    22.7730    27.9977    35.5021    6.42243    6.40581 0.0000e+00
       8082 218.729095     15.802     15.865          1    27.9988  56.929825  56.915874     5.4998    22.7641    27.9950    35.4890    6.42318    6.40656 0.0000e+00
       8083 218.729095     15.764     15.828          1    27.9960  56.909992  56.895905     5.5025    22.7561    27.9923    35.4772    6.42389    6.40727 0.0000e+00
       8084 218.729095     15.688     15.790          1    27.9925  56.890953  56.866768     5.5001    22.7491    27.9888    35.4665    6.42465    6.40802 0.0000e+00
       8085 218.729095     15.635     15.752          1    27.9879  56.870361  56.838661     5.5027    22.7424    27.9842    35.4555    6.42553    6.40889 0.0000e+00
       8086 218.729095     15.742     15.714          1    27.9844  56.853645  56.812206     5.5028    22.7367    27.9807    35.4464    6.42622    6.40958 0.0000e+00
       8087 218.729095     15.575     15.674          1    27.9793  56.841869  56.789158     5.5029    22.7350    27.9756    35.4419    6.42691    6.41027 0.0000e+00
       8088 218.729095     15.522     15.633          1    27.9751  56.830788  56.774010     5.5030    22.7329    27.9714    35.4373    6.42753    6.41088 0.0000e+00
       8089 218.729095     15.521     15.592          1    27.9719  56.818150  56.765568     5.5057    22.7291    27.9683    35.4308    6.42809    6.41144 0.0000e+00
       8090 218.729095     15.461     15.552          1    27.9686  56.804176  56.757278     5.5058    22.7246    27.9649    35.4235    6.42870    6.41205 0.0000e+00
       8091 218.729095     15.408     15.511          1    27.9651  56.789974  56.749813     5.5059    22.7203    27.9614    35.4162    6.42934    6.41268 0.0000e+00
       8092 218.729095     15.408     15.471          1    27.9612  56.775387  56.743050     5.5060    22.7161    27.9575    35.4089    6.43001    6.41335 0.0000e+00
       8093 218.729095     15.347     15.430          1    27.9578  56.760784  56.733524     5.5055    22.7113    27.9542    35.4011    6.43064    6.41398 0.0000e+00
       8094 218.729095     15.309     15.390          1    27.9553  56.749714  56.722095     5.5072    22.7078    27.9517    35.3953    6.43112    6.41446 0.0000e+00
       8095 218.729095     15.294     15.348          1    27.9536  56.742126  56.709888     5.5065    22.7053    27.9500    35.3913    6.43144    6.41478 0.0000e+00
       8096 218.729095     15.180     15.306          1    27.9519  56.734089  56.700272     5.5062    22.7025    27.9483    35.3869    6.43177    6.41511 0.0000e+00
