translate/ONIV_006T.cnv
* Sea-Bird SBE 9 Data File:
* FileName = D:\COMISSOES\2009\OCEANO_NORTE_IV\Bruto\ONIV_006.dat
* Software Version Seasave Win32 V 5.37d
* Temperature SN = 2896
* Conductivity SN = 1499
* Number of Bytes Per Scan = 21
* Number of Voltage Words = 1
* Number of Scans Averaged by the Deck Unit = 1
* NMEA Latitude = 02 43.82 N
* NMEA Longitude = 049 01.76 W
* NMEA UTC (Time) = 20:14:19
** H40
** NOc ANTARES
** 204
** OCEANO N IV
**    006
**   02 43.8 N
**   049 01.7 W
**   25/07/2009 20:12
**   75
** 9P46375-0881
**   1T JUAREZ
# nquan = 15                                
# nvalues = 12438                       
# units = specified
# name 0 = scan: Scan Count
# name 1 = timeJ: Julian Days
# name 2 = depSM: Depth [salt water, m]
# name 3 = prDM: Pressure, Digiquartz [db]
# name 4 = pumps: Pump Status
# name 5 = t090C: Temperature [ITS-90, deg C]
# name 6 = c0mS/cm: Conductivity [mS/cm]
# name 7 = c1mS/cm: Conductivity, 2 [mS/cm]
# name 8 = sbeox0Mg/L: Oxygen, SBE 43 [mg/l]
# name 9 = sigma-é00: Density [sigma-theta, kg/m^3]
# name 10 = potemp090C: Potential Temperature [ITS-90, deg C]
# name 11 = sal00: Salinity, Practical [PSU]
# name 12 = oxsolMg/L: Oxygen Saturation, Garcia & Gordon [mg/l]
# name 13 = oxsatMg/L: Oxygen Saturation, Weiss [mg/l]
# name 14 = flag: flag
# span 0 =          1,      12438       
# span 1 = 206.841171, 206.847168       
# span 2 =      0.133,     63.288       
# span 3 =      0.256,     63.510       
# span 4 =          1,          1       
# span 5 =    27.2030,    29.0052       
# span 6 =  42.068188,  56.815529       
# span 7 =  42.068531,  56.823956       
# span 8 =     4.8491,     6.6913       
# span 9 =    14.4082,    23.3785       
# span 10 =    27.1921,    29.0050      
# span 11 =    24.7755,    35.9592      
# span 12 =    6.45159,    6.71371      
# span 13 =    6.43476,    6.69549      
# span 14 = 0.0000e+00, 0.0000e+00      
# interval = seconds: 0.0416667
# start_time = Jul 25 2009 20:11:17 [System UpLoad Time]
# bad_flag = -9.990e-29
*END*
[from data line 1061]
       1062 206.841675     13.055     13.100          1    27.8839  55.549950  55.577332     5.7486    22.1376    27.8808    34.6065    6.46711    6.45026 0.0000e+00
       1063 206.841675     13.108     13.135          1    27.8773  55.550087  55.579731     5.7511    22.1435    27.8742    34.6115    6.46763    6.45078 0.0000e+00
       1064 206.841675     13.055     13.169          1    27.8752  55.551270  55.584118     5.7538    22.1459    27.8721    34.6138    6.46776    6.45091 0.0000e+00
       1065 206.841675     13.169     13.203          1    27.8758  55.553150  55.591938     5.7513    22.1464    27.8727    34.6147    6.46767    6.45082 0.0000e+00
       1066 206.841690     13.222     13.236          1    27.8745  55.556358  55.599247     5.7488    22.1493    27.8714    34.6179    6.46770    6.45085 0.0000e+00
       1067 206.841690     13.222     13.267          1    27.8741  55.561253  55.604393     5.7488    22.1522    27.8710    34.6216    6.46760    6.45075 0.0000e+00
       1068 206.841690     13.222     13.297          1    27.8724  55.565590  55.608356     5.7486    22.1559    27.8693    34.6259    6.46763    6.45078 0.0000e+00
       1069 206.841690     13.222     13.327          1    27.8699  55.569736  55.611774     5.7512    22.1603    27.8668    34.6306    6.46772    6.45087 0.0000e+00
       1070 206.841690     13.282     13.357          1    27.8677  55.574284  55.615536     5.7513    22.1647    27.8645    34.6354    6.46778    6.45093 0.0000e+00
       1071 206.841690     13.282     13.389          1    27.8647  55.582226  55.619843     5.7512    22.1715    27.8615    34.6432    6.46782    6.45097 0.0000e+00
       1072 206.841690     13.411     13.420          1    27.8624  55.589401  55.622864     5.7512    22.1773    27.8593    34.6499    6.46782    6.45097 0.0000e+00
       1073 206.841690     13.396     13.450          1    27.8574  55.594440  55.624626     5.7516    22.1844    27.8542    34.6572    6.46809    6.45124 0.0000e+00
       1074 206.841690     13.449     13.478          1    27.8536  55.597744  55.626019     5.7519    22.1894    27.8504    34.6623    6.46831    6.45146 0.0000e+00
       1075 206.841690     13.449     13.505          1    27.8514  55.601059  55.626862     5.7544    22.1931    27.8482    34.6662    6.46839    6.45155 0.0000e+00
       1076 206.841690     13.449     13.531          1    27.8483  55.605915  55.626862     5.7543    22.1984    27.8451    34.6719    6.46852    6.45167 0.0000e+00
       1077 206.841690     13.502     13.557          1    27.8453  55.611389  55.627541     5.7570    22.2039    27.8421    34.6779    6.46862    6.45177 0.0000e+00
       1078 206.841690     13.502     13.582          1    27.8419  55.617085  55.631119     5.7596    22.2099    27.8387    34.6844    6.46874    6.45190 0.0000e+00
       1079 206.841690     13.563     13.607          1    27.8387  55.627636  55.642506     5.7597    22.2183    27.8355    34.6942    6.46873    6.45188 0.0000e+00
       1080 206.841690     13.563     13.631          1    27.8373  55.645332  55.655518     5.7626    22.2288    27.8341    34.7076    6.46839    6.45154 0.0000e+00
       1081 206.841690     13.616     13.654          1    27.8338  55.663342  55.668922     5.7600    22.2415    27.8306    34.7229    6.46821    6.45137 0.0000e+00
       1082 206.841690     13.616     13.676          1    27.8229  55.680195  55.687683     5.7628    22.2600    27.8197    34.7428    6.46865    6.45181 0.0000e+00
       1083 206.841690     13.616     13.698          1    27.8116  55.692612  55.706051     5.7655    22.2765    27.8084    34.7599    6.46923    6.45239 0.0000e+00
       1084 206.841690     13.677     13.719          1    27.8024  55.706043  55.718639     5.7655    22.2917    27.7992    34.7761    6.46962    6.45277 0.0000e+00
       1085 206.841690     13.677     13.739          1    27.7956  55.721767  55.722248     5.7682    22.3060    27.7924    34.7922    6.46976    6.45291 0.0000e+00
       1086 206.841690     13.730     13.758          1    27.7881  55.734047  55.720058     5.7708    22.3191    27.7849    34.8064    6.47004    6.45320 0.0000e+00
       1087 206.841690     13.677     13.776          1    27.7796  55.739761  55.718670     5.7708    22.3296    27.7764    34.8167    6.47057    6.45372 0.0000e+00
       1088 206.841690     13.844     13.792          1    27.7736  55.741531  55.724030     5.7761    22.3358    27.7704    34.8223    6.47100    6.45415 0.0000e+00
       1089 206.841690     13.692     13.807          1    27.7700  55.744522  55.731518     5.7735    22.3406    27.7668    34.8271    6.47120    6.45436 0.0000e+00
       1090 206.841690     13.791     13.820          1    27.7685  55.748024  55.733891     5.7788    22.3438    27.7653    34.8307    6.47124    6.45439 0.0000e+00
       1091 206.841690     13.791     13.833          1    27.7665  55.749596  55.731232     5.7814    22.3464    27.7632    34.8333    6.47136    6.45452 0.0000e+00
       1092 206.841690     13.791     13.844          1    27.7642  55.751068  55.730465     5.7788    22.3492    27.7610    34.8360    6.47150    6.45466 0.0000e+00
       1093 206.841690     13.791     13.854          1    27.7624  55.754242  55.734486     5.7815    22.3525    27.7592    34.8396    6.47156    6.45472 0.0000e+00
       1094 206.841690     13.791     13.863          1    27.7614  55.757919  55.738846     5.7818    22.3553    27.7581    34.8429    6.47155    6.45471 0.0000e+00
       1095 206.841690     13.791     13.872          1    27.7601  55.759872  55.740475     5.7845    22.3575    27.7568    34.8453    6.47160    6.45476 0.0000e+00
       1096 206.841690     13.844     13.881          1    27.7584  55.759369  55.741192     5.7844    22.3587    27.7551    34.8462    6.47175    6.45491 0.0000e+00
       1097 206.841690     13.844     13.888          1    27.7573  55.756519  55.742775     5.7870    22.3582    27.7540    34.8450    6.47191    6.45507 0.0000e+00
       1098 206.841705     13.791     13.895          1    27.7573  55.754829  55.745220     5.7844    22.3573    27.7540    34.8438    6.47196    6.45511 0.0000e+00
       1099 206.841705     13.844     13.901          1    27.7580  55.754059  55.747231     5.7846    22.3562    27.7548    34.8427    6.47192    6.45507 0.0000e+00
       1100 206.841705     13.844     13.908          1    27.7588  55.752632  55.748474     5.7871    22.3548    27.7555    34.8411    6.47189    6.45505 0.0000e+00
       1101 206.841705     13.844     13.913          1    27.7582  55.752247  55.748619     5.7873    22.3551    27.7550    34.8413    6.47195    6.45510 0.0000e+00
       1102 206.841705     13.897     13.918          1    27.7584  55.752388  55.748749     5.7873    22.3550    27.7551    34.8412    6.47193    6.45508 0.0000e+00
       1103 206.841705     13.844     13.922          1    27.7584  55.752918  55.749432     5.7877    22.3553    27.7551    34.8416    6.47192    6.45507 0.0000e+00
       1104 206.841705     13.806     13.925          1    27.7586  55.753761  55.750542     5.7882    22.3556    27.7553    34.8421    6.47188    6.45504 0.0000e+00
       1105 206.841705     13.897     13.929          1    27.7589  55.754570  55.750614     5.7884    22.3557    27.7557    34.8424    6.47183    6.45499 0.0000e+00
       1106 206.841705     13.844     13.933          1    27.7586  55.754410  55.750084     5.7882    22.3559    27.7553    34.8425    6.47186    6.45502 0.0000e+00
       1107 206.841705     13.844     13.936          1    27.7575  55.752338  55.749596     5.7883    22.3558    27.7542    34.8419    6.47200    6.45516 0.0000e+00
       1108 206.841705     13.844     13.940          1    27.7561  55.751011  55.748920     5.7884    22.3563    27.7529    34.8420    6.47215    6.45530 0.0000e+00
       1109 206.841705     13.897     13.945          1    27.7571  55.750526  55.748222     5.7885    22.3552    27.7538    34.8409    6.47208    6.45524 0.0000e+00
       1110 206.841705     13.844     13.949          1    27.7588  55.750439  55.748001     5.7885    22.3537    27.7555    34.8396    6.47195    6.45510 0.0000e+00
       1111 206.841705     13.897     13.953          1    27.7597  55.752747  55.747700     5.7859    22.3541    27.7564    34.8405    6.47182    6.45497 0.0000e+00
       1112 206.841705     13.844     13.958          1    27.7592  55.755920  55.746754     5.7860    22.3562    27.7559    34.8432    6.47178    6.45493 0.0000e+00
       1113 206.841705     13.897     13.963          1    27.7588  55.756550  55.745457     5.7863    22.3569    27.7555    34.8439    6.47179    6.45495 0.0000e+00
       1114 206.841705     13.897     13.968          1    27.7576  55.753017  55.744610     5.7866    22.3560    27.7544    34.8422    6.47197    6.45513 0.0000e+00
       1115 206.841705     13.897     13.973          1    27.7563  55.750992  55.743820     5.7840    22.3561    27.7531    34.8418    6.47213    6.45528 0.0000e+00
       1116 206.841705     13.897     13.978          1    27.7571  55.750050  55.742653     5.7841    22.3549    27.7538    34.8406    6.47209    6.45525 0.0000e+00
       1117 206.841705     13.897     13.983          1    27.7588  55.748501  55.740524     5.7814    22.3526    27.7555    34.8382    6.47200    6.45515 0.0000e+00
       1118 206.841705     13.897     13.988          1    27.7588  55.750206  55.736591     5.7841    22.3535    27.7555    34.8394    6.47196    6.45511 0.0000e+00
       1119 206.841705     13.897     13.994          1    27.7595  55.755306  55.733738     5.7814    22.3556    27.7563    34.8424    6.47177    6.45492 0.0000e+00
       1120 206.841705     13.920     14.000          1    27.7592  55.760105  55.732082     5.7784    22.3584    27.7559    34.8461    6.47167    6.45483 0.0000e+00
       1121 206.841705     13.897     14.008          1    27.7578  55.760689  55.730198     5.7783    22.3599    27.7546    34.8475    6.47176    6.45492 0.0000e+00
       1122 206.841705     13.897     14.016          1    27.7554  55.757492  55.727943     5.7783    22.3604    27.7521    34.8470    6.47204    6.45519 0.0000e+00
       1123 206.841705     13.897     14.026          1    27.7543  55.757114  55.726513     5.7758    22.3612    27.7510    34.8476    6.47214    6.45529 0.0000e+00
       1124 206.841705     13.958     14.038          1    27.7550  55.766033  55.726292     5.7758    22.3652    27.7517    34.8533    6.47185    6.45501 0.0000e+00
       1125 206.841705     13.958     14.051          1    27.7558  55.777302  55.728401     5.7755    22.3705    27.7525    34.8607    6.47150    6.45466 0.0000e+00
       1126 206.841705     14.011     14.063          1    27.7537  55.782932  55.732658     5.7729    22.3753    27.7504    34.8662    6.47152    6.45468 0.0000e+00
       1127 206.841705     13.958     14.076          1    27.7488  55.784626  55.735645     5.7702    22.3805    27.7455    34.8710    6.47187    6.45503 0.0000e+00
       1128 206.841705     14.011     14.090          1    27.7451  55.786015  55.735901     5.7728    22.3846    27.7418    34.8748    6.47213    6.45529 0.0000e+00
       1129 206.841721     14.011     14.104          1    27.7438  55.785965  55.735111     5.7703    22.3857    27.7405    34.8757    6.47224    6.45539 0.0000e+00
       1130 206.841721     14.011     14.118          1    27.7435  55.783909  55.735226     5.7705    22.3848    27.7402    34.8744    6.47231    6.45546 0.0000e+00
       1131 206.841721     14.011     14.134          1    27.7432  55.782333  55.738903     5.7679    22.3843    27.7399    34.8736    6.47238    6.45553 0.0000e+00
       1132 206.841721     14.071     14.152          1    27.7434  55.783485  55.744324     5.7680    22.3847    27.7401    34.8742    6.47233    6.45549 0.0000e+00
       1133 206.841721     14.071     14.170          1    27.7439  55.786896  55.749062     5.7681    22.3861    27.7406    34.8762    6.47220    6.45536 0.0000e+00
       1134 206.841721     14.071     14.189          1    27.7434  55.789097  55.751747     5.7681    22.3877    27.7401    34.8782    6.47219    6.45534 0.0000e+00
       1135 206.841721     14.086     14.209          1    27.7429  55.789211  55.754307     5.7655    22.3881    27.7396    34.8786    6.47222    6.45537 0.0000e+00
       1136 206.841721     14.124     14.232          1    27.7421  55.783943  55.759224     5.7629    22.3861    27.7387    34.8755    6.47242    6.45558 0.0000e+00
       1137 206.841721     14.185     14.255          1    27.7417  55.774918  55.766510     5.7630    22.3817    27.7384    34.8694    6.47268    6.45584 0.0000e+00
       1138 206.841721     14.185     14.278          1    27.7419  55.775658  55.774448     5.7657    22.3819    27.7385    34.8698    6.47265    6.45581 0.0000e+00
       1139 206.841721     14.238     14.302          1    27.7454  55.783497  55.779938     5.7658    22.3829    27.7421    34.8727    6.47217    6.45532 0.0000e+00
       1140 206.841721     14.238     14.325          1    27.7475  55.789158  55.782284     5.7606    22.3841    27.7442    34.8751    6.47186    6.45502 0.0000e+00
       1141 206.841721     14.238     14.349          1    27.7448  55.798615  55.784718     5.7605    22.3914    27.7415    34.8837    6.47183    6.45499 0.0000e+00
       1142 206.841721     14.299     14.373          1    27.7428  55.822643  55.787201     5.7580    22.4060    27.7394    34.9022    6.47138    6.45454 0.0000e+00
       1143 206.841721     14.299     14.398          1    27.7398  55.843918  55.787003     5.7554    22.4199    27.7364    34.9194    6.47107    6.45424 0.0000e+00
       1144 206.841721     14.352     14.423          1    27.7310  55.842960  55.785500     5.7554    22.4272    27.7276    34.9253    6.47180    6.45496 0.0000e+00
       1145 206.841721     14.352     14.449          1    27.7186  55.836472  55.785652     5.7529    22.4347    27.7152    34.9299    6.47294    6.45610 0.0000e+00
       1146 206.841721     14.352     14.475          1    27.7167  55.840965  55.795971     5.7528    22.4387    27.7133    34.9345    6.47298    6.45614 0.0000e+00
       1147 206.841721     14.405     14.502          1    27.7201  55.851513  55.826374     5.7554    22.4413    27.7167    34.9394    6.47244    6.45561 0.0000e+00
       1148 206.841721     14.428     14.531          1    27.7191  55.863060  55.855862     5.7528    22.4483    27.7157    34.9482    6.47222    6.45539 0.0000e+00
       1149 206.841721     14.519     14.559          1    27.7158  55.875771  55.871815     5.7554    22.4580    27.7124    34.9597    6.47217    6.45533 0.0000e+00
       1150 206.841721     14.519     14.587          1    27.7113  55.888554  55.882435     5.7554    22.4688    27.7078    34.9720    6.47220    6.45536 0.0000e+00
       1151 206.841721     14.466     14.615          1    27.7049  55.895218  55.888222     5.7554    22.4779    27.7015    34.9815    6.47253    6.45570 0.0000e+00
       1152 206.841721     14.633     14.644          1    27.6986  55.898464  55.891571     5.7554    22.4852    27.6952    34.9884    6.47295    6.45611 0.0000e+00
       1153 206.841721     14.519     14.673          1    27.6947  55.900879  55.898380     5.7581    22.4899    27.6913    34.9930    6.47319    6.45636 0.0000e+00
       1154 206.841721     14.633     14.702          1    27.6931  55.902782  55.911030     5.7554    22.4924    27.6896    34.9956    6.47328    6.45644 0.0000e+00
       1155 206.841721     14.693     14.731          1    27.6911  55.903549  55.922760     5.7581    22.4946    27.6876    34.9976    6.47342    6.45658 0.0000e+00
       1156 206.841721     14.693     14.759          1    27.6901  55.903267  55.931305     5.7554    22.4953    27.6866    34.9982    6.47350    6.45667 0.0000e+00
