translate/ONIV_007T.cnv
* Sea-Bird SBE 9 Data File:
* FileName = D:\COMISSOES\2009\OCEANO_NORTE_IV\Bruto\ONIV_007.dat
* Software Version Seasave Win32 V 5.37d
* Temperature SN = 2326
* Conductivity SN = 2002
* Number of Bytes Per Scan = 21
* Number of Voltage Words = 1
* Number of Scans Averaged by the Deck Unit = 1
* NMEA Latitude = 04 06.56 N
* NMEA Longitude = 050 34.33 W
* NMEA UTC (Time) = 17:27:38
** H40
** NOc ANTARES
** 204
** OCEANO N IV
**   007
**   04 06.40 N
**   050 34.32 W
**   06/08/09 17:20
** 9P46375-0881
**   1T JORGE LUIZ
# nquan = 15                                
# nvalues = 9537                        
# units = specified
# name 0 = scan: Scan Count
# name 1 = timeJ: Julian Days
# name 2 = depSM: Depth [salt water, m]
# name 3 = prDM: Pressure, Digiquartz [db]
# name 4 = pumps: Pump Status
# name 5 = t090C: Temperature [ITS-90, deg C]
# name 6 = c0mS/cm: Conductivity [mS/cm]
# name 7 = c1mS/cm: Conductivity, 2 [mS/cm]
# name 8 = sbeox0Mg/L: Oxygen, SBE 43 [mg/l]
# name 9 = sigma-é00: Density [sigma-theta, kg/m^3]
# name 10 = potemp090C: Potential Temperature [ITS-90, deg C]
# name 11 = sal00: Salinity, Practical [PSU]
# name 12 = oxsolMg/L: Oxygen Saturation, Garcia & Gordon [mg/l]
# name 13 = oxsatMg/L: Oxygen Saturation, Weiss [mg/l]
# name 14 = flag: flag
# span 0 =          1,       9537       
# span 1 = 218.725189, 218.729797       
# span 2 =     -0.597,     59.496       
# span 3 =     -0.518,     59.717       
# span 4 =          1,          1       
# span 5 =    26.5942,    28.7042       
# span 6 =  33.750744,  57.044971       
# span 7 =  33.761112,  57.030491       
# span 8 =     3.8150,     8.3161       
# span 9 =    10.6040,    23.6230       
# span 10 =    26.5809,    28.7018      
# span 11 =    19.5464,    36.0345      
# span 12 =    6.41939,    6.95780      
# span 13 =    6.40278,    6.93865      
# span 14 = 0.0000e+00, 0.0000e+00      
# interval = seconds: 0.0416667
# start_time = Aug 06 2009 17:24:17 [System UpLoad Time]
# bad_flag = -9.990e-29
*END*
[from data line 2699]
       2700 218.726501     46.624     46.975          1    26.8400  56.397324  56.375710     4.5707    23.5165    26.8292    35.9876    6.52850    6.51165 0.0000e+00
       2701 218.726501     46.798     47.014          1    26.8398  56.397053  56.375336     4.5708    23.5166    26.8290    35.9876    6.52852    6.51168 0.0000e+00
       2702 218.726501     46.745     47.053          1    26.8387  56.396259  56.375088     4.5682    23.5171    26.8279    35.9879    6.52863    6.51178 0.0000e+00
       2703 218.726501     46.798     47.092          1    26.8382  56.395256  56.374691     4.5683    23.5170    26.8274    35.9875    6.52870    6.51185 0.0000e+00
       2704 218.726501     46.851     47.133          1    26.8372  56.394833  56.373840     4.5683    23.5177    26.8264    35.9880    6.52879    6.51194 0.0000e+00
       2705 218.726501     46.965     47.174          1    26.8361  56.394485  56.373764     4.5658    23.5185    26.8253    35.9885    6.52888    6.51204 0.0000e+00
       2706 218.726501     46.912     47.214          1    26.8359  56.394043  56.373596     4.5686    23.5184    26.8251    35.9884    6.52891    6.51207 0.0000e+00
       2707 218.726501     46.965     47.255          1    26.8354  56.393345  56.372726     4.5687    23.5185    26.8246    35.9883    6.52897    6.51213 0.0000e+00
       2708 218.726501     47.079     47.296          1    26.8352  56.392979  56.372238     4.5661    23.5185    26.8243    35.9882    6.52900    6.51216 0.0000e+00
       2709 218.726501     47.018     47.337          1    26.8347  56.392342  56.372047     4.5635    23.5186    26.8238    35.9881    6.52906    6.51221 0.0000e+00
       2710 218.726501     47.079     47.379          1    26.8337  56.391685  56.371326     4.5636    23.5191    26.8228    35.9884    6.52915    6.51231 0.0000e+00
       2711 218.726501     47.132     47.422          1    26.8328  56.390659  56.370876     4.5637    23.5193    26.8220    35.9883    6.52925    6.51240 0.0000e+00
       2712 218.726501     47.246     47.466          1    26.8319  56.389618  56.370914     4.5637    23.5196    26.8211    35.9882    6.52935    6.51250 0.0000e+00
       2713 218.726501     47.193     47.509          1    26.8311  56.388905  56.369816     4.5612    23.5199    26.8202    35.9883    6.52943    6.51259 0.0000e+00
       2714 218.726501     47.307     47.552          1    26.8299  56.388695  56.368702     4.5612    23.5209    26.8190    35.9891    6.52953    6.51269 0.0000e+00
       2715 218.726501     47.307     47.596          1    26.8291  56.388908  56.367889     4.5586    23.5217    26.8182    35.9899    6.52959    6.51275 0.0000e+00
       2716 218.726501     47.360     47.641          1    26.8286  56.388287  56.366394     4.5559    23.5218    26.8177    35.9898    6.52965    6.51280 0.0000e+00
       2717 218.726501     47.413     47.685          1    26.8287  56.387535  56.365170     4.5560    23.5213    26.8178    35.9891    6.52966    6.51282 0.0000e+00
       2718 218.726501     47.474     47.730          1    26.8279  56.386784  56.364281     4.5560    23.5217    26.8169    35.9893    6.52975    6.51290 0.0000e+00
       2719 218.726501     47.534     47.775          1    26.8270  56.386127  56.363224     4.5561    23.5221    26.8161    35.9894    6.52983    6.51299 0.0000e+00
       2720 218.726501     47.527     47.818          1    26.8266  56.386147  56.362091     4.5534    23.5225    26.8156    35.9898    6.52987    6.51302 0.0000e+00
       2721 218.726501     47.588     47.862          1    26.8254  56.385799  56.361408     4.5534    23.5234    26.8144    35.9904    6.52997    6.51313 0.0000e+00
       2722 218.726501     47.588     47.907          1    26.8260  56.384968  56.361111     4.5535    23.5223    26.8151    35.9893    6.52995    6.51310 0.0000e+00
       2723 218.726517     47.701     47.953          1    26.8254  56.384041  56.360542     4.5508    23.5224    26.8144    35.9891    6.53002    6.51318 0.0000e+00
       2724 218.726517     47.701     47.999          1    26.8238  56.383347  56.359806     4.5509    23.5234    26.8128    35.9898    6.53016    6.51332 0.0000e+00
       2725 218.726517     47.808     48.045          1    26.8237  56.382614  56.359337     4.5536    23.5231    26.8127    35.9894    6.53019    6.51335 0.0000e+00
       2726 218.726517     47.808     48.091          1    26.8227  56.380913  56.359070     4.5536    23.5231    26.8117    35.9889    6.53032    6.51347 0.0000e+00
       2727 218.726517     47.868     48.137          1    26.8213  56.380241  56.358334     4.5512    23.5240    26.8103    35.9895    6.53045    6.51360 0.0000e+00
       2728 218.726517     47.868     48.184          1    26.8205  56.380009  56.357201     4.5513    23.5246    26.8095    35.9899    6.53052    6.51367 0.0000e+00
       2729 218.726517     47.982     48.231          1    26.8195  56.379372  56.356560     4.5513    23.5251    26.8085    35.9903    6.53062    6.51377 0.0000e+00
       2730 218.726517     48.035     48.278          1    26.8187  56.378716  56.355362     4.5514    23.5255    26.8076    35.9904    6.53070    6.51385 0.0000e+00
       2731 218.726517     48.096     48.323          1    26.8180  56.377689  56.353760     4.5489    23.5256    26.8069    35.9902    6.53078    6.51394 0.0000e+00
       2732 218.726517     48.035     48.368          1    26.8174  56.377171  56.351868     4.5490    23.5258    26.8064    35.9902    6.53084    6.51400 0.0000e+00
       2733 218.726517     48.157     48.413          1    26.8167  56.376282  56.350300     4.5490    23.5259    26.8057    35.9901    6.53092    6.51407 0.0000e+00
       2734 218.726517     48.210     48.458          1    26.8158  56.375259  56.349377     4.5464    23.5263    26.8047    35.9901    6.53103    6.51418 0.0000e+00
       2735 218.726517     48.210     48.503          1    26.8149  56.373791  56.348396     4.5465    23.5262    26.8038    35.9897    6.53113    6.51429 0.0000e+00
       2736 218.726517     48.263     48.548          1    26.8134  56.372517  56.347225     4.5491    23.5269    26.8023    35.9900    6.53129    6.51444 0.0000e+00
       2737 218.726517     48.377     48.593          1    26.8119  56.371243  56.346584     4.5493    23.5275    26.8008    35.9902    6.53144    6.51459 0.0000e+00
       2738 218.726517     48.377     48.636          1    26.8106  56.370686  56.346069     4.5466    23.5284    26.7995    35.9908    6.53156    6.51471 0.0000e+00
       2739 218.726517     48.377     48.679          1    26.8092  56.370319  56.345318     4.5467    23.5295    26.7980    35.9916    6.53169    6.51484 0.0000e+00
       2740 218.726517     48.430     48.723          1    26.8077  56.369640  56.344772     4.5467    23.5305    26.7965    35.9923    6.53182    6.51497 0.0000e+00
       2741 218.726517     48.544     48.766          1    26.8079  56.368984  56.344433     4.5468    23.5299    26.7967    35.9916    6.53182    6.51497 0.0000e+00
       2742 218.726517     48.491     48.810          1    26.8077  56.368774  56.344467     4.5441    23.5300    26.7965    35.9916    6.53184    6.51500 0.0000e+00
       2743 218.726517     48.605     48.853          1    26.8061  56.368755  56.344166     4.5442    23.5314    26.7949    35.9929    6.53198    6.51513 0.0000e+00
       2744 218.726517     48.605     48.896          1    26.8055  56.368176  56.343773     4.5415    23.5316    26.7943    35.9929    6.53204    6.51519 0.0000e+00
       2745 218.726517     48.711     48.939          1    26.8058  56.367809  56.343277     4.5416    23.5311    26.7947    35.9923    6.53202    6.51517 0.0000e+00
       2746 218.726517     48.711     48.981          1    26.8055  56.366127  56.342579     4.5417    23.5305    26.7943    35.9914    6.53209    6.51524 0.0000e+00
       2747 218.726517     48.711     49.023          1    26.8042  56.365128  56.342674     4.5418    23.5311    26.7930    35.9916    6.53222    6.51537 0.0000e+00
       2748 218.726517     48.832     49.064          1    26.8033  56.363930  56.341747     4.5393    23.5313    26.7921    35.9915    6.53233    6.51548 0.0000e+00
       2749 218.726517     48.825     49.106          1    26.8016  56.363468  56.341694     4.5367    23.5325    26.7904    35.9924    6.53247    6.51562 0.0000e+00
       2750 218.726517     48.825     49.147          1    26.8007  56.364071  56.341507     4.5368    23.5337    26.7895    35.9936    6.53253    6.51568 0.0000e+00
       2751 218.726517     48.939     49.189          1    26.8002  56.363407  56.340786     4.5395    23.5338    26.7889    35.9935    6.53259    6.51574 0.0000e+00
       2752 218.726517     48.999     49.231          1    26.8001  56.362770  56.340298     4.5396    23.5335    26.7889    35.9930    6.53261    6.51576 0.0000e+00
       2753 218.726517     48.999     49.271          1    26.7999  56.362366  56.340031     4.5397    23.5334    26.7887    35.9929    6.53264    6.51579 0.0000e+00
       2754 218.726532     48.999     49.311          1    26.7994  56.361691  56.339806     4.5371    23.5335    26.7882    35.9928    6.53269    6.51584 0.0000e+00
       2755 218.726532     49.052     49.352          1    26.7983  56.361324  56.339291     4.5371    23.5343    26.7870    35.9934    6.53279    6.51595 0.0000e+00
       2756 218.726532     49.219     49.392          1    26.7978  56.361794  56.338688     4.5319    23.5351    26.7865    35.9941    6.53282    6.51598 0.0000e+00
       2757 218.726532     49.113     49.431          1    26.7972  56.362663  56.338257     4.5319    23.5361    26.7859    35.9952    6.53285    6.51600 0.0000e+00
       2758 218.726532     49.227     49.469          1    26.7974  56.362541  56.337765     4.5320    23.5358    26.7861    35.9950    6.53284    6.51599 0.0000e+00
       2759 218.726532     49.219     49.507          1    26.7981  56.360626  56.337063     4.5320    23.5341    26.7868    35.9930    6.53283    6.51598 0.0000e+00
       2760 218.726532     49.333     49.544          1    26.7985  56.359570  56.337162     4.5322    23.5332    26.7871    35.9919    6.53283    6.51598 0.0000e+00
       2761 218.726532     49.280     49.580          1    26.7970  56.359650  56.336975     4.5323    23.5345    26.7857    35.9931    6.53294    6.51609 0.0000e+00
       2762 218.726532     49.333     49.615          1    26.7955  56.359028  56.336365     4.5323    23.5356    26.7842    35.9938    6.53308    6.51623 0.0000e+00
       2763 218.726532     49.394     49.651          1    26.7957  56.358566  56.335915     4.5298    23.5351    26.7844    35.9933    6.53308    6.51623 0.0000e+00
       2764 218.726532     49.394     49.686          1    26.7950  56.358490  56.335934     4.5299    23.5357    26.7837    35.9938    6.53313    6.51628 0.0000e+00
       2765 218.726532     49.447     49.721          1    26.7941  56.358490  56.335747     4.5300    23.5366    26.7827    35.9945    6.53321    6.51636 0.0000e+00
       2766 218.726532     49.447     49.756          1    26.7939  56.358490  56.335953     4.5274    23.5367    26.7826    35.9946    6.53322    6.51637 0.0000e+00
       2767 218.726532     49.561     49.791          1    26.7939  56.358200  56.335823     4.5274    23.5366    26.7825    35.9945    6.53324    6.51639 0.0000e+00
       2768 218.726532     49.561     49.825          1    26.7939  56.358803  56.335690     4.5248    23.5369    26.7825    35.9949    6.53322    6.51637 0.0000e+00
       2769 218.726532     49.622     49.858          1    26.7938  56.359032  56.335388     4.5249    23.5371    26.7824    35.9951    6.53322    6.51637 0.0000e+00
       2770 218.726532     49.561     49.890          1    26.7941  56.358681  56.334724     4.5276    23.5367    26.7827    35.9946    6.53321    6.51636 0.0000e+00
       2771 218.726532     49.675     49.923          1    26.7943  56.358219  56.333744     4.5250    23.5362    26.7829    35.9941    6.53320    6.51635 0.0000e+00
       2772 218.726532     49.675     49.955          1    26.7948  56.357758  56.333649     4.5249    23.5355    26.7834    35.9934    6.53318    6.51633 0.0000e+00
       2773 218.726532     49.728     49.987          1    26.7937  56.357292  56.334274     4.5250    23.5362    26.7823    35.9939    6.53328    6.51643 0.0000e+00
       2774 218.726532     49.728     50.018          1    26.7932  56.356598  56.334179     4.5250    23.5363    26.7818    35.9937    6.53333    6.51648 0.0000e+00
       2775 218.726532     49.789     50.048          1    26.7928  56.355709  56.333572     4.5250    23.5362    26.7813    35.9934    6.53339    6.51654 0.0000e+00
       2776 218.726532     49.789     50.079          1    26.7923  56.353680  56.332836     4.5223    23.5355    26.7809    35.9923    6.53348    6.51663 0.0000e+00
       2777 218.726532     49.842     50.109          1    26.7913  56.353146  56.331909     4.5224    23.5361    26.7798    35.9927    6.53358    6.51673 0.0000e+00
       2778 218.726532     49.842     50.139          1    26.7895  56.352524  56.331554     4.5224    23.5374    26.7780    35.9937    6.53374    6.51689 0.0000e+00
       2779 218.726532     49.902     50.169          1    26.7881  56.351791  56.331234     4.5224    23.5383    26.7766    35.9942    6.53387    6.51702 0.0000e+00
       2780 218.726532     49.902     50.199          1    26.7878  56.350746  56.330856     4.5198    23.5380    26.7763    35.9937    6.53392    6.51707 0.0000e+00
       2781 218.726532     49.963     50.229          1    26.7869  56.350227  56.330589     4.5197    23.5385    26.7754    35.9940    6.53401    6.51716 0.0000e+00
       2782 218.726532     50.016     50.258          1    26.7857  56.349628  56.330589     4.5197    23.5392    26.7742    35.9945    6.53412    6.51727 0.0000e+00
       2783 218.726532     50.016     50.286          1    26.7848  56.348759  56.329983     4.5198    23.5395    26.7733    35.9945    6.53421    6.51736 0.0000e+00
       2784 218.726532     50.016     50.313          1    26.7840  56.348591  56.329155     4.5171    23.5402    26.7725    35.9950    6.53428    6.51743 0.0000e+00
       2785 218.726532     50.069     50.341          1    26.7835  56.348202  56.329517     4.5171    23.5404    26.7720    35.9951    6.53433    6.51748 0.0000e+00
       2786 218.726547     50.069     50.368          1    26.7832  56.348125  56.329247     4.5145    23.5407    26.7717    35.9953    6.53436    6.51751 0.0000e+00
       2787 218.726547     50.130     50.395          1    26.7828  56.347973  56.328758     4.5145    23.5410    26.7712    35.9955    6.53440    6.51755 0.0000e+00
       2788 218.726547     50.123     50.422          1    26.7826  56.347855  56.328476     4.5120    23.5410    26.7711    35.9955    6.53441    6.51756 0.0000e+00
       2789 218.726547     50.183     50.449          1    26.7824  56.347546  56.328533     4.5120    23.5410    26.7709    35.9955    6.53444    6.51759 0.0000e+00
       2790 218.726547     50.183     50.476          1    26.7826  56.347393  56.328346     4.5120    23.5408    26.7710    35.9952    6.53443    6.51758 0.0000e+00
       2791 218.726547     50.297     50.502          1    26.7823  56.347374  56.328270     4.5120    23.5411    26.7707    35.9954    6.53445    6.51760 0.0000e+00
       2792 218.726547     50.236     50.527          1    26.7819  56.347141  56.328495     4.5120    23.5413    26.7704    35.9956    6.53449    6.51764 0.0000e+00
       2793 218.726547     50.244     50.551          1    26.7820  56.346951  56.328457     4.5094    23.5411    26.7705    35.9953    6.53449    6.51763 0.0000e+00
       2794 218.726547     50.297     50.575          1    26.7819  56.346622  56.328533     4.5094    23.5410    26.7703    35.9952    6.53450    6.51765 0.0000e+00
       2795 218.726547     50.297     50.600          1    26.7815  56.345943  56.328171     4.5095    23.5410    26.7700    35.9950    6.53455    6.51770 0.0000e+00
