translate/ONIV_024T.cnv
* Sea-Bird SBE 9 Data File:
* FileName = D:\COMISSOES\2009\OCEANO_NORTE_IV\Bruto\ONIV_024.dat
* Software Version Seasave Win32 V 5.37d
* Temperature SN = 2326
* Conductivity SN = 2002
* Number of Bytes Per Scan = 21
* Number of Voltage Words = 1
* Number of Scans Averaged by the Deck Unit = 1
* NMEA Latitude = 02 32.39 N
* NMEA Longitude = 048 24.65 W
* NMEA UTC (Time) = 09:31:40
** H40
** NOc ANTARES
** 204
** OCEANO N IV
**   024
**   02 32.37 N
**   048 24.66 W
**   28/07/2009 09:30Z
**   73
** 9P46375-0881
**   1T JUAREZ
# nquan = 15                                
# nvalues = 6436                        
# units = specified
# name 0 = scan: Scan Count
# name 1 = timeJ: Julian Days
# name 2 = depSM: Depth [salt water, m]
# name 3 = prDM: Pressure, Digiquartz [db]
# name 4 = pumps: Pump Status
# name 5 = t090C: Temperature [ITS-90, deg C]
# name 6 = c0mS/cm: Conductivity [mS/cm]
# name 7 = c1mS/cm: Conductivity, 2 [mS/cm]
# name 8 = sbeox0Mg/L: Oxygen, SBE 43 [mg/l]
# name 9 = sigma-é00: Density [sigma-theta, kg/m^3]
# name 10 = potemp090C: Potential Temperature [ITS-90, deg C]
# name 11 = sal00: Salinity, Practical [PSU]
# name 12 = oxsolMg/L: Oxygen Saturation, Garcia & Gordon [mg/l]
# name 13 = oxsatMg/L: Oxygen Saturation, Weiss [mg/l]
# name 14 = flag: flag
# span 0 =          1,       6436       
# span 1 = 209.394821, 209.397919       
# span 2 =      0.049,     60.430       
# span 3 =      0.105,     60.696       
# span 4 =          1,          1       
# span 5 =    26.9179,    28.7470       
# span 6 =  28.857885,  57.093796       
# span 7 =  30.843506,  57.085567       
# span 8 =     5.7505,     6.5321       
# span 9 =     8.3186,    23.5030       
# span 10 =    26.9041,    28.7469      
# span 11 =    16.4612,    36.0088      
# span 12 =    6.41397,    7.06418      
# span 13 =    6.39734,    7.04468      
# span 14 = 0.0000e+00, 0.0000e+00      
# interval = seconds: 0.0416667
# start_time = Jul 28 2009 09:28:32 [System UpLoad Time]
# bad_flag = -9.990e-29
*END*
[from data line 4531]
       4532 209.397003     39.768     39.993          1    27.1909  56.764439  56.756870     5.9188    23.3987    27.1816    35.9812    6.49099    6.47421 0.0000e+00
       4533 209.397003     39.821     39.971          1    27.1907  56.764320  56.757172     5.9188    23.3988    27.1815    35.9813    6.49100    6.47423 0.0000e+00
       4534 209.397003     39.708     39.947          1    27.1909  56.764439  56.757286     5.9188    23.3987    27.1816    35.9812    6.49099    6.47421 0.0000e+00
       4535 209.397003     39.708     39.923          1    27.1911  56.764610  56.757626     5.9187    23.3986    27.1818    35.9812    6.49097    6.47419 0.0000e+00
       4536 209.397003     39.654     39.899          1    27.1911  56.764591  56.757225     5.9213    23.3986    27.1819    35.9812    6.49097    6.47419 0.0000e+00
       4537 209.397003     39.708     39.875          1    27.1909  56.764572  56.757229     5.9212    23.3988    27.1817    35.9813    6.49098    6.47421 0.0000e+00
       4538 209.397003     39.594     39.850          1    27.1912  56.764862  56.757286     5.9211    23.3986    27.1820    35.9813    6.49095    6.47417 0.0000e+00
       4539 209.397003     39.601     39.826          1    27.1912  56.765076  56.757286     5.9238    23.3987    27.1820    35.9814    6.49094    6.47417 0.0000e+00
       4540 209.397003     39.594     39.801          1    27.1911  56.764820  56.757397     5.9210    23.3988    27.1819    35.9814    6.49096    6.47418 0.0000e+00
       4541 209.397003     39.541     39.777          1    27.1912  56.764668  56.757095     5.9237    23.3985    27.1820    35.9812    6.49095    6.47418 0.0000e+00
       4542 209.397003     39.541     39.752          1    27.1912  56.764648  56.756981     5.9235    23.3985    27.1820    35.9811    6.49095    6.47418 0.0000e+00
       4543 209.397003     39.480     39.728          1    27.1912  56.764648  56.757153     5.9262    23.3985    27.1821    35.9812    6.49095    6.47418 0.0000e+00
       4544 209.397003     39.541     39.704          1    27.1912  56.765175  56.757610     5.9260    23.3988    27.1821    35.9815    6.49094    6.47416 0.0000e+00
       4545 209.397003     39.488     39.678          1    27.1912  56.765171  56.757740     5.9259    23.3988    27.1821    35.9815    6.49094    6.47416 0.0000e+00
       4546 209.397003     39.427     39.650          1    27.1914  56.764820  56.757740     5.9285    23.3984    27.1823    35.9811    6.49093    6.47415 0.0000e+00
       4547 209.397003     39.427     39.622          1    27.1914  56.764668  56.757568     5.9284    23.3984    27.1823    35.9810    6.49093    6.47416 0.0000e+00
       4548 209.397003     39.374     39.594          1    27.1912  56.764648  56.757626     5.9283    23.3985    27.1821    35.9812    6.49095    6.47417 0.0000e+00
       4549 209.397003     39.374     39.565          1    27.1914  56.764881  56.757832     5.9257    23.3985    27.1823    35.9812    6.49093    6.47415 0.0000e+00
       4550 209.397003     39.313     39.535          1    27.1914  56.765076  56.757549     5.9282    23.3986    27.1823    35.9814    6.49092    6.47415 0.0000e+00
       4551 209.397003     39.313     39.505          1    27.1912  56.764820  56.757435     5.9308    23.3987    27.1821    35.9813    6.49094    6.47417 0.0000e+00
       4552 209.397003     39.313     39.473          1    27.1912  56.764900  56.757320     5.9282    23.3987    27.1821    35.9814    6.49094    6.47417 0.0000e+00
       4553 209.397003     39.260     39.440          1    27.1914  56.765015  56.757397     5.9280    23.3986    27.1823    35.9813    6.49092    6.47415 0.0000e+00
       4554 209.397003     39.207     39.404          1    27.1914  56.765034  56.757607     5.9307    23.3986    27.1823    35.9814    6.49092    6.47415 0.0000e+00
       4555 209.397018     39.146     39.368          1    27.1914  56.765091  56.757717     5.9306    23.3986    27.1823    35.9814    6.49092    6.47414 0.0000e+00
       4556 209.397018     39.146     39.330          1    27.1914  56.764584  56.757568     5.9306    23.3984    27.1823    35.9811    6.49093    6.47416 0.0000e+00
       4557 209.397018     39.093     39.292          1    27.1912  56.764763  56.757851     5.9305    23.3987    27.1822    35.9814    6.49094    6.47417 0.0000e+00
       4558 209.397018     39.032     39.253          1    27.1914  56.765285  56.757736     5.9305    23.3988    27.1824    35.9816    6.49091    6.47414 0.0000e+00
       4559 209.397018     38.979     39.214          1    27.1914  56.765011  56.757889     5.9331    23.3986    27.1824    35.9814    6.49092    6.47414 0.0000e+00
       4560 209.397018     39.032     39.175          1    27.1914  56.764412  56.757736     5.9304    23.3983    27.1824    35.9810    6.49094    6.47416 0.0000e+00
       4561 209.397018     38.918     39.134          1    27.1912  56.764431  56.757660     5.9304    23.3985    27.1822    35.9812    6.49095    6.47417 0.0000e+00
       4562 209.397018     38.918     39.092          1    27.1914  56.764549  56.757717     5.9331    23.3984    27.1824    35.9811    6.49093    6.47416 0.0000e+00
       4563 209.397018     38.751     39.049          1    27.1914  56.764568  56.757336     5.9304    23.3984    27.1824    35.9811    6.49093    6.47415 0.0000e+00
       4564 209.397018     38.918     39.007          1    27.1914  56.764858  56.756920     5.9304    23.3986    27.1824    35.9814    6.49092    6.47415 0.0000e+00
       4565 209.397018     38.698     38.962          1    27.1911  56.764545  56.756939     5.9330    23.3987    27.1821    35.9814    6.49096    6.47418 0.0000e+00
       4566 209.397018     38.751     38.917          1    27.1914  56.764469  56.756863     5.9329    23.3984    27.1824    35.9811    6.49093    6.47416 0.0000e+00
       4567 209.397018     38.698     38.871          1    27.1912  56.764839  56.756939     5.9330    23.3988    27.1822    35.9816    6.49094    6.47416 0.0000e+00
       4568 209.397018     38.637     38.823          1    27.1914  56.764778  56.757145     5.9329    23.3986    27.1825    35.9814    6.49092    6.47415 0.0000e+00
       4569 209.397018     38.584     38.773          1    27.1914  56.764664  56.757488     5.9302    23.3985    27.1825    35.9813    6.49092    6.47415 0.0000e+00
       4570 209.397018     38.410     38.724          1    27.1914  56.764877  56.758041     5.9329    23.3986    27.1825    35.9815    6.49092    6.47414 0.0000e+00
       4571 209.397018     38.524     38.676          1    27.1914  56.764484  56.758190     5.9302    23.3984    27.1825    35.9812    6.49093    6.47415 0.0000e+00
       4572 209.397018     38.470     38.626          1    27.1914  56.764683  56.758018     5.9301    23.3985    27.1825    35.9814    6.49092    6.47415 0.0000e+00
       4573 209.397018     38.357     38.575          1    27.1914  56.764740  56.758076     5.9301    23.3986    27.1825    35.9814    6.49092    6.47414 0.0000e+00
       4574 209.397018     38.243     38.524          1    27.1914  56.765186  56.757999     5.9274    23.3988    27.1825    35.9818    6.49091    6.47413 0.0000e+00
       4575 209.397018     38.357     38.473          1    27.1916  56.765514  56.757790     5.9274    23.3989    27.1827    35.9819    6.49089    6.47411 0.0000e+00
       4576 209.397018     38.190     38.421          1    27.1918  56.765278  56.757847     5.9274    23.3986    27.1829    35.9816    6.49088    6.47410 0.0000e+00
       4577 209.397018     38.129     38.368          1    27.1916  56.765125  56.757771     5.9248    23.3987    27.1827    35.9816    6.49090    6.47412 0.0000e+00
       4578 209.397018     38.182     38.315          1    27.1918  56.765339  56.757957     5.9247    23.3986    27.1829    35.9816    6.49087    6.47410 0.0000e+00
       4579 209.397018     38.015     38.261          1    27.1918  56.765766  56.758263     5.9247    23.3988    27.1830    35.9820    6.49086    6.47409 0.0000e+00
       4580 209.397018     38.068     38.206          1    27.1920  56.765411  56.758507     5.9220    23.3985    27.1831    35.9816    6.49086    6.47408 0.0000e+00
       4581 209.397018     37.901     38.150          1    27.1920  56.765377  56.758224     5.9220    23.3985    27.1831    35.9816    6.49086    6.47408 0.0000e+00
       4582 209.397018     37.954     38.093          1    27.1922  56.765762  56.758110     5.9194    23.3985    27.1834    35.9817    6.49083    6.47406 0.0000e+00
       4583 209.397018     37.848     38.035          1    27.1922  56.765995  56.758278     5.9194    23.3987    27.1834    35.9819    6.49082    6.47405 0.0000e+00
       4584 209.397018     37.795     37.975          1    27.1923  56.765739  56.757996     5.9194    23.3984    27.1836    35.9816    6.49082    6.47404 0.0000e+00
       4585 209.397018     37.734     37.913          1    27.1922  56.765820  56.758564     5.9194    23.3986    27.1834    35.9818    6.49083    6.47405 0.0000e+00
       4586 209.397018     37.567     37.852          1    27.1922  56.765995  56.758904     5.9193    23.3987    27.1834    35.9820    6.49082    6.47405 0.0000e+00
       4587 209.397034     37.621     37.791          1    27.1923  56.765739  56.759571     5.9194    23.3984    27.1836    35.9817    6.49082    6.47404 0.0000e+00
       4588 209.397034     37.454     37.730          1    27.1923  56.765820  56.759605     5.9166    23.3985    27.1836    35.9818    6.49081    6.47404 0.0000e+00
       4589 209.397034     37.507     37.670          1    27.1923  56.766167  56.759773     5.9193    23.3987    27.1836    35.9820    6.49080    6.47403 0.0000e+00
       4590 209.397034     37.400     37.610          1    27.1923  56.766670  56.759624     5.9166    23.3990    27.1836    35.9824    6.49079    6.47401 0.0000e+00
       4591 209.397034     37.393     37.549          1    27.1927  56.766628  56.760059     5.9166    23.3986    27.1841    35.9821    6.49076    6.47398 0.0000e+00
       4592 209.397034     37.287     37.486          1    27.1927  56.766220  56.760799     5.9139    23.3984    27.1841    35.9818    6.49077    6.47399 0.0000e+00
       4593 209.397034     37.173     37.423          1    27.1929  56.766281  56.761269     5.9166    23.3983    27.1842    35.9817    6.49075    6.47398 0.0000e+00
       4594 209.397034     37.165     37.361          1    27.1929  56.766689  56.761707     5.9165    23.3985    27.1843    35.9821    6.49074    6.47397 0.0000e+00
       4595 209.397034     37.112     37.298          1    27.1931  56.766922  56.761765     5.9165    23.3984    27.1845    35.9821    6.49072    6.47394 0.0000e+00
       4596 209.397034     36.998     37.235          1    27.1931  56.767483  56.761856     5.9164    23.3988    27.1845    35.9825    6.49070    6.47393 0.0000e+00
       4597 209.397034     36.945     37.173          1    27.1929  56.768063  56.762009     5.9164    23.3993    27.1843    35.9831    6.49070    6.47393 0.0000e+00
       4598 209.397034     36.884     37.112          1    27.1935  56.768547  56.761990     5.9164    23.3990    27.1849    35.9830    6.49064    6.47387 0.0000e+00
       4599 209.397034     36.831     37.052          1    27.1938  56.768486  56.762028     5.9164    23.3987    27.1853    35.9827    6.49062    6.47384 0.0000e+00
       4600 209.397034     36.831     36.991          1    27.1944  56.768894  56.761703     5.9137    23.3984    27.1858    35.9826    6.49056    6.47379 0.0000e+00
       4601 209.397034     36.717     36.930          1    27.1946  56.768932  56.761478     5.9164    23.3983    27.1860    35.9825    6.49055    6.47377 0.0000e+00
       4602 209.397034     36.664     36.868          1    27.1946  56.768833  56.761551     5.9137    23.3982    27.1860    35.9825    6.49055    6.47377 0.0000e+00
       4603 209.397034     36.604     36.807          1    27.1948  56.768524  56.761818     5.9137    23.3979    27.1863    35.9821    6.49054    6.47376 0.0000e+00
       4604 209.397034     36.497     36.746          1    27.1946  56.768604  56.761494     5.9136    23.3981    27.1861    35.9823    6.49055    6.47378 0.0000e+00
       4605 209.397034     36.490     36.685          1    27.1949  56.768776  56.761932     5.9084    23.3979    27.1864    35.9822    6.49052    6.47374 0.0000e+00
       4606 209.397034     36.437     36.625          1    27.1946  56.768520  56.761890     5.9109    23.3981    27.1861    35.9823    6.49055    6.47378 0.0000e+00
       4607 209.397034     36.376     36.564          1    27.1946  56.768894  56.761532     5.9084    23.3983    27.1861    35.9826    6.49054    6.47377 0.0000e+00
       4608 209.397034     36.270     36.503          1    27.1949  56.768929  56.761776     5.9083    23.3980    27.1865    35.9824    6.49051    6.47374 0.0000e+00
       4609 209.397034     36.262     36.442          1    27.1949  56.769066  56.761948     5.9057    23.3981    27.1865    35.9825    6.49051    6.47373 0.0000e+00
       4610 209.397034     36.103     36.381          1    27.1949  56.769238  56.761967     5.9030    23.3982    27.1865    35.9826    6.49050    6.47373 0.0000e+00
       4611 209.397034     36.148     36.322          1    27.1951  56.769276  56.762596     5.9056    23.3980    27.1867    35.9825    6.49049    6.47371 0.0000e+00
       4612 209.397034     35.989     36.263          1    27.1951  56.769276  56.762856     5.9030    23.3980    27.1867    35.9825    6.49049    6.47371 0.0000e+00
       4613 209.397034     36.042     36.206          1    27.1953  56.770035  56.762989     5.9055    23.3983    27.1869    35.9830    6.49045    6.47368 0.0000e+00
       4614 209.397034     35.875     36.149          1    27.1953  56.770809  56.763428     5.9055    23.3987    27.1869    35.9835    6.49043    6.47366 0.0000e+00
       4615 209.397034     35.928     36.093          1    27.1955  56.771095  56.764584     5.9029    23.3987    27.1872    35.9836    6.49041    6.47363 0.0000e+00
       4616 209.397034     35.814     36.037          1    27.1962  56.771660  56.765148     5.9028    23.3984    27.1879    35.9835    6.49033    6.47356 0.0000e+00
       4617 209.397034     35.708     35.982          1    27.1966  56.772007  56.765564     5.9001    23.3982    27.1883    35.9834    6.49030    6.47352 0.0000e+00
       4618 209.397049     35.754     35.928          1    27.1970  56.772297  56.765453     5.9001    23.3981    27.1886    35.9834    6.49026    6.47348 0.0000e+00
       4619 209.397049     35.708     35.875          1    27.1975  56.772491  56.765602     5.9001    23.3977    27.1892    35.9831    6.49021    6.47343 0.0000e+00
       4620 209.397049     35.534     35.821          1    27.1973  56.772530  56.765678     5.9001    23.3979    27.1890    35.9833    6.49022    6.47345 0.0000e+00
       4621 209.397049     35.594     35.768          1    27.1977  56.772236  56.765678     5.9000    23.3974    27.1894    35.9828    6.49020    6.47343 0.0000e+00
       4622 209.397049     35.473     35.717          1    27.1975  56.772606  56.765507     5.8973    23.3978    27.1893    35.9832    6.49020    6.47343 0.0000e+00
       4623 209.397049     35.420     35.666          1    27.1977  56.772934  56.765789     5.8973    23.3978    27.1894    35.9833    6.49018    6.47341 0.0000e+00
       4624 209.397049     35.420     35.617          1    27.1975  56.772991  56.765621     5.8973    23.3980    27.1893    35.9835    6.49019    6.47342 0.0000e+00
       4625 209.397049     35.253     35.570          1    27.1975  56.772991  56.765583     5.8999    23.3980    27.1893    35.9835    6.49019    6.47342 0.0000e+00
       4626 209.397049     35.306     35.526          1    27.1977  56.772991  56.765770     5.8972    23.3979    27.1895    35.9834    6.49018    6.47340 0.0000e+00
