translate/ONIV_024T.cnv
* Sea-Bird SBE 9 Data File:
* FileName = D:\COMISSOES\2009\OCEANO_NORTE_IV\Bruto\ONIV_024.dat
* Software Version Seasave Win32 V 5.37d
* Temperature SN = 2326
* Conductivity SN = 2002
* Number of Bytes Per Scan = 21
* Number of Voltage Words = 1
* Number of Scans Averaged by the Deck Unit = 1
* NMEA Latitude = 02 32.39 N
* NMEA Longitude = 048 24.65 W
* NMEA UTC (Time) = 09:31:40
** H40
** NOc ANTARES
** 204
** OCEANO N IV
**   024
**   02 32.37 N
**   048 24.66 W
**   28/07/2009 09:30Z
**   73
** 9P46375-0881
**   1T JUAREZ
# nquan = 15                                
# nvalues = 6436                        
# units = specified
# name 0 = scan: Scan Count
# name 1 = timeJ: Julian Days
# name 2 = depSM: Depth [salt water, m]
# name 3 = prDM: Pressure, Digiquartz [db]
# name 4 = pumps: Pump Status
# name 5 = t090C: Temperature [ITS-90, deg C]
# name 6 = c0mS/cm: Conductivity [mS/cm]
# name 7 = c1mS/cm: Conductivity, 2 [mS/cm]
# name 8 = sbeox0Mg/L: Oxygen, SBE 43 [mg/l]
# name 9 = sigma-é00: Density [sigma-theta, kg/m^3]
# name 10 = potemp090C: Potential Temperature [ITS-90, deg C]
# name 11 = sal00: Salinity, Practical [PSU]
# name 12 = oxsolMg/L: Oxygen Saturation, Garcia & Gordon [mg/l]
# name 13 = oxsatMg/L: Oxygen Saturation, Weiss [mg/l]
# name 14 = flag: flag
# span 0 =          1,       6436       
# span 1 = 209.394821, 209.397919       
# span 2 =      0.049,     60.430       
# span 3 =      0.105,     60.696       
# span 4 =          1,          1       
# span 5 =    26.9179,    28.7470       
# span 6 =  28.857885,  57.093796       
# span 7 =  30.843506,  57.085567       
# span 8 =     5.7505,     6.5321       
# span 9 =     8.3186,    23.5030       
# span 10 =    26.9041,    28.7469      
# span 11 =    16.4612,    36.0088      
# span 12 =    6.41397,    7.06418      
# span 13 =    6.39734,    7.04468      
# span 14 = 0.0000e+00, 0.0000e+00      
# interval = seconds: 0.0416667
# start_time = Jul 28 2009 09:28:32 [System UpLoad Time]
# bad_flag = -9.990e-29
*END*
[from data line 5013]
       5014 209.397232     21.715     21.884          1    27.2514  56.838070  56.830009     5.8805    23.3865    27.2463    35.9927    6.48410    6.46734 0.0000e+00
       5015 209.397232     21.700     21.854          1    27.2526  56.839115  56.830612     5.8803    23.3860    27.2475    35.9925    6.48398    6.46722 0.0000e+00
       5016 209.397232     21.700     21.826          1    27.2532  56.840744  56.831638     5.8747    23.3863    27.2482    35.9931    6.48389    6.46713 0.0000e+00
       5017 209.397232     21.700     21.798          1    27.2545  56.841537  56.833328     5.8745    23.3856    27.2494    35.9928    6.48377    6.46701 0.0000e+00
       5018 209.397232     21.662     21.769          1    27.2554  56.841358  56.835716     5.8794    23.3846    27.2504    35.9919    6.48370    6.46694 0.0000e+00
       5019 209.397232     21.647     21.740          1    27.2561  56.842777  56.837158     5.8817    23.3848    27.2510    35.9924    6.48361    6.46685 0.0000e+00
       5020 209.397232     21.586     21.709          1    27.2562  56.845436  56.837250     5.8787    23.3862    27.2511    35.9943    6.48353    6.46677 0.0000e+00
       5021 209.397232     21.533     21.679          1    27.2573  56.848770  56.837650     5.8785    23.3869    27.2523    35.9958    6.48336    6.46660 0.0000e+00
       5022 209.397232     21.487     21.650          1    27.2593  56.852726  56.839340     5.8809    23.3872    27.2543    35.9971    6.48309    6.46634 0.0000e+00
       5023 209.397232     21.533     21.622          1    27.2620  56.856365  56.842358     5.8782    23.3868    27.2570    35.9976    6.48279    6.46603 0.0000e+00
       5024 209.397232     21.472     21.593          1    27.2649  56.859676  56.845924     5.8807    23.3860    27.2599    35.9978    6.48248    6.46572 0.0000e+00
       5025 209.397232     21.419     21.565          1    27.2676  56.862934  56.849739     5.8805    23.3852    27.2626    35.9980    6.48217    6.46542 0.0000e+00
       5026 209.397232     21.419     21.537          1    27.2707  56.864208  56.853149     5.8802    23.3831    27.2658    35.9965    6.48190    6.46514 0.0000e+00
       5027 209.397232     21.434     21.508          1    27.2732  56.865818  56.856129     5.8826    23.3818    27.2682    35.9957    6.48166    6.46491 0.0000e+00
       5028 209.397232     21.358     21.479          1    27.2746  56.868629  56.859810     5.8824    23.3820    27.2697    35.9966    6.48147    6.46472 0.0000e+00
       5029 209.397232     21.305     21.450          1    27.2759  56.871849  56.863411     5.8847    23.3825    27.2710    35.9979    6.48129    6.46454 0.0000e+00
       5030 209.397247     21.305     21.421          1    27.2782  56.877556  56.867245     5.8873    23.3836    27.2732    36.0003    6.48096    6.46421 0.0000e+00
       5031 209.397247     21.252     21.392          1    27.2805  56.886402  56.872272     5.8870    23.3862    27.2756    36.0048    6.48055    6.46380 0.0000e+00
       5032 209.397247     21.267     21.364          1    27.2844  56.896248  56.877487     5.8870    23.3880    27.2795    36.0088    6.47998    6.46324 0.0000e+00
       5033 209.397247     21.252     21.335          1    27.2914  56.903202  56.881794     5.8895    23.3854    27.2864    36.0084    6.47926    6.46251 0.0000e+00
       5034 209.397247     21.192     21.305          1    27.2990  56.906078  56.888153     5.8894    23.3801    27.2941    36.0046    6.47858    6.46184 0.0000e+00
       5035 209.397247     21.192     21.274          1    27.3053  56.907764  56.896030     5.8918    23.3753    27.3004    36.0009    6.47804    6.46130 0.0000e+00
       5036 209.397247     21.093     21.243          1    27.3085  56.910912  56.902210     5.8918    23.3741    27.3035    36.0008    6.47772    6.46097 0.0000e+00
       5037 209.397247     21.078     21.212          1    27.3109  56.916306  56.905239     5.8942    23.3748    27.3060    36.0027    6.47738    6.46064 0.0000e+00
       5038 209.397247     21.078     21.182          1    27.3136  56.921341  56.906242     5.8943    23.3751    27.3087    36.0042    6.47704    6.46030 0.0000e+00
       5039 209.397247     20.964     21.153          1    27.3181  56.927067  56.908104     5.8969    23.3741    27.3131    36.0049    6.47654    6.45980 0.0000e+00
       5040 209.397247     21.025     21.124          1    27.3219  56.931950  56.913464     5.8995    23.3733    27.3170    36.0054    6.47611    6.45937 0.0000e+00
       5041 209.397247     21.040     21.096          1    27.3269  56.934814  56.920124     5.9022    23.3703    27.3220    36.0036    6.47565    6.45891 0.0000e+00
       5042 209.397247     20.964     21.065          1    27.3315  56.935917  56.925339     5.9046    23.3667    27.3267    36.0008    6.47525    6.45851 0.0000e+00
       5043 209.397247     20.911     21.034          1    27.3343  56.938656  56.927303     5.9044    23.3657    27.3294    36.0007    6.47497    6.45823 0.0000e+00
       5044 209.397247     20.911     21.003          1    27.3356  56.941601  56.928650     5.9095    23.3661    27.3308    36.0017    6.47478    6.45805 0.0000e+00
       5045 209.397247     20.858     20.970          1    27.3379  56.943810  56.928608     5.9094    23.3652    27.3331    36.0015    6.47454    6.45781 0.0000e+00
       5046 209.397247     20.812     20.938          1    27.3408  56.945652  56.928761     5.9094    23.3636    27.3360    36.0006    6.47427    6.45754 0.0000e+00
       5047 209.397247     20.797     20.906          1    27.3427  56.948368  56.928169     5.9120    23.3633    27.3379    36.0011    6.47405    6.45732 0.0000e+00
       5048 209.397247     20.797     20.873          1    27.3444  56.951336  56.925034     5.9144    23.3634    27.3395    36.0020    6.47384    6.45711 0.0000e+00
       5049 209.397247     20.683     20.840          1    27.3471  56.954166  56.921902     5.9143    23.3625    27.3422    36.0019    6.47356    6.45682 0.0000e+00
       5050 209.397247     20.744     20.807          1    27.3495  56.956612  56.923416     5.9168    23.3616    27.3447    36.0018    6.47330    6.45657 0.0000e+00
       5051 209.397247     20.645     20.773          1    27.3517  56.957947  56.931625     5.9193    23.3603    27.3469    36.0010    6.47309    6.45636 0.0000e+00
       5052 209.397247     20.683     20.738          1    27.3539  56.959946  56.941002     5.9220    23.3594    27.3491    36.0008    6.47287    6.45614 0.0000e+00
       5053 209.397247     20.569     20.702          1    27.3556  56.963032  56.947788     5.9246    23.3596    27.3508    36.0017    6.47266    6.45593 0.0000e+00
       5054 209.397247     20.569     20.666          1    27.3577  56.965435  56.951790     5.9271    23.3590    27.3529    36.0018    6.47243    6.45570 0.0000e+00
       5055 209.397247     20.516     20.630          1    27.3598  56.967587  56.955017     5.9272    23.3582    27.3550    36.0017    6.47221    6.45548 0.0000e+00
       5056 209.397247     20.418     20.594          1    27.3617  56.970810  56.958832     5.9298    23.3582    27.3569    36.0026    6.47198    6.45525 0.0000e+00
       5057 209.397247     20.516     20.558          1    27.3638  56.972569  56.960857     5.9325    23.3573    27.3590    36.0022    6.47177    6.45504 0.0000e+00
       5058 209.397247     20.402     20.522          1    27.3663  56.973442  56.961025     5.9327    23.3555    27.3615    36.0009    6.47155    6.45482 0.0000e+00
       5059 209.397247     20.402     20.484          1    27.3678  56.976025  56.961426     5.9328    23.3556    27.3630    36.0016    6.47136    6.45464 0.0000e+00
       5060 209.397247     20.349     20.446          1    27.3691  56.978798  56.963287     5.9355    23.3559    27.3643    36.0026    6.47119    6.45446 0.0000e+00
       5061 209.397263     20.304     20.407          1    27.3712  56.980911  56.966763     5.9380    23.3551    27.3664    36.0025    6.47097    6.45424 0.0000e+00
       5062 209.397263     20.289     20.367          1    27.3727  56.982616  56.970352     5.9403    23.3546    27.3680    36.0025    6.47080    6.45408 0.0000e+00
       5063 209.397263     20.175     20.327          1    27.3748  56.984303  56.973160     5.9401    23.3537    27.3700    36.0022    6.47060    6.45387 0.0000e+00
       5064 209.397263     20.175     20.288          1    27.3765  56.986130  56.975056     5.9400    23.3531    27.3718    36.0021    6.47041    6.45369 0.0000e+00
       5065 209.397263     20.122     20.248          1    27.3777  56.988049  56.976498     5.9425    23.3531    27.3730    36.0026    6.47027    6.45354 0.0000e+00
       5066 209.397263     20.137     20.209          1    27.3792  56.989346  56.978149     5.9424    23.3524    27.3745    36.0024    6.47012    6.45340 0.0000e+00
       5067 209.397263     20.061     20.169          1    27.3808  56.989265  56.980522     5.9451    23.3509    27.3762    36.0011    6.46999    6.45327 0.0000e+00
       5068 209.397263     20.061     20.128          1    27.3825  56.990376  56.982250     5.9424    23.3500    27.3778    36.0006    6.46984    6.45311 0.0000e+00
       5069 209.397263     19.894     20.087          1    27.3827  56.992996  56.983807     5.9450    23.3512    27.3780    36.0023    6.46975    6.45303 0.0000e+00
       5070 209.397263     19.955     20.047          1    27.3834  56.995419  56.985115     5.9449    23.3519    27.3788    36.0035    6.46963    6.45291 0.0000e+00
       5071 209.397263     19.909     20.007          1    27.3853  56.996677  56.987988     5.9475    23.3509    27.3806    36.0030    6.46945    6.45273 0.0000e+00
       5072 209.397263     19.841     19.967          1    27.3873  56.997200  56.991463     5.9475    23.3494    27.3826    36.0018    6.46928    6.45256 0.0000e+00
       5073 209.397263     19.894     19.927          1    27.3891  56.998756  56.993984     5.9475    23.3485    27.3845    36.0015    6.46909    6.45237 0.0000e+00
       5074 209.397263     19.727     19.885          1    27.3897  57.003323  56.996758     5.9501    23.3505    27.3851    36.0043    6.46893    6.45221 0.0000e+00
       5075 209.397263     19.780     19.843          1    27.3906  57.008812  56.999947     5.9501    23.3526    27.3860    36.0075    6.46872    6.45200 0.0000e+00
       5076 209.397263     19.666     19.801          1    27.3947  57.012218  57.003441     5.9500    23.3508    27.3901    36.0069    6.46831    6.45159 0.0000e+00
       5077 209.397263     19.629     19.759          1    27.3997  57.014530  57.007408     5.9500    23.3475    27.3951    36.0047    6.46786    6.45114 0.0000e+00
       5078 209.397263     19.613     19.718          1    27.4028  57.017109  57.011341     5.9526    23.3461    27.3982    36.0041    6.46755    6.45083 0.0000e+00
       5079 209.397263     19.613     19.676          1    27.4056  57.020176  57.014587     5.9525    23.3452    27.4010    36.0042    6.46725    6.45053 0.0000e+00
       5080 209.397263     19.500     19.633          1    27.4083  57.022949  57.017452     5.9498    23.3442    27.4037    36.0040    6.46696    6.45025 0.0000e+00
       5081 209.397263     19.500     19.591          1    27.4118  57.026112  57.019749     5.9497    23.3427    27.4073    36.0036    6.46660    6.44989 0.0000e+00
       5082 209.397263     19.462     19.548          1    27.4144  57.029743  57.022160     5.9497    23.3423    27.4099    36.0042    6.46631    6.44959 0.0000e+00
       5083 209.397263     19.386     19.504          1    27.4183  57.031948  57.024895     5.9495    23.3401    27.4137    36.0028    6.46595    6.44924 0.0000e+00
       5084 209.397263     19.386     19.460          1    27.4229  57.033306  57.026962     5.9547    23.3366    27.4183    36.0002    6.46555    6.44884 0.0000e+00
       5085 209.397263     19.272     19.416          1    27.4260  57.035248  57.028442     5.9520    23.3349    27.4215    35.9992    6.46526    6.44855 0.0000e+00
       5086 209.397263     19.272     19.372          1    27.4279  57.037014  57.030609     5.9518    23.3341    27.4234    35.9990    6.46506    6.44835 0.0000e+00
       5087 209.397263     19.219     19.328          1    27.4305  57.038761  57.033669     5.9491    23.3327    27.4260    35.9983    6.46482    6.44810 0.0000e+00
       5088 209.397263     19.120     19.285          1    27.4340  57.040836  57.036934     5.9490    23.3307    27.4295    35.9971    6.46449    6.44778 0.0000e+00
       5089 209.397263     19.158     19.243          1    27.4367  57.043652  57.038887     5.9489    23.3297    27.4323    35.9970    6.46420    6.44749 0.0000e+00
       5090 209.397263     19.105     19.201          1    27.4397  57.046387  57.040462     5.9488    23.3285    27.4352    35.9967    6.46390    6.44719 0.0000e+00
       5091 209.397263     19.052     19.159          1    27.4432  57.048557  57.040974     5.9514    23.3265    27.4387    35.9955    6.46357    6.44686 0.0000e+00
       5092 209.397263     18.991     19.117          1    27.4471  57.050167  57.041981     5.9487    23.3238    27.4426    35.9937    6.46322    6.44651 0.0000e+00
       5093 209.397278     18.938     19.075          1    27.4496  57.050533  57.044472     5.9513    23.3217    27.4452    35.9920    6.46301    6.44630 0.0000e+00
       5094 209.397278     18.953     19.034          1    27.4515  57.051003  57.048046     5.9512    23.3203    27.4471    35.9909    6.46285    6.44614 0.0000e+00
       5095 209.397278     18.877     18.993          1    27.4524  57.053139  57.050415     5.9511    23.3206    27.4480    35.9917    6.46272    6.44602 0.0000e+00
       5096 209.397278     18.824     18.953          1    27.4530  57.056305  57.051914     5.9537    23.3218    27.4485    35.9936    6.46260    6.44589 0.0000e+00
       5097 209.397278     18.877     18.912          1    27.4552  57.058475  57.053566     5.9537    23.3210    27.4508    35.9934    6.46237    6.44566 0.0000e+00
       5098 209.397278     18.710     18.870          1    27.4578  57.060024  57.055141     5.9535    23.3194    27.4535    35.9925    6.46212    6.44541 0.0000e+00
       5099 209.397278     18.764     18.829          1    27.4604  57.062260  57.056320     5.9510    23.3183    27.4560    35.9922    6.46186    6.44516 0.0000e+00
       5100 209.397278     18.673     18.787          1    27.4618  57.063690  57.056984     5.9535    23.3178    27.4575    35.9920    6.46171    6.44501 0.0000e+00
       5101 209.397278     18.597     18.746          1    27.4639  57.064777  57.057743     5.9534    23.3165    27.4595    35.9913    6.46152    6.44482 0.0000e+00
       5102 209.397278     18.650     18.705          1    27.4655  57.065342  57.058178     5.9534    23.3153    27.4612    35.9904    6.46138    6.44468 0.0000e+00
       5103 209.397278     18.483     18.664          1    27.4665  57.065964  57.058254     5.9560    23.3148    27.4621    35.9901    6.46129    6.44459 0.0000e+00
       5104 209.397278     18.544     18.624          1    27.4670  57.067127  57.059284     5.9559    23.3150    27.4627    35.9905    6.46122    6.44451 0.0000e+00
       5105 209.397278     18.483     18.585          1    27.4679  57.068214  57.059677     5.9558    23.3147    27.4636    35.9906    6.46112    6.44442 0.0000e+00
       5106 209.397278     18.445     18.545          1    27.4690  57.068993  57.060440     5.9557    23.3141    27.4647    35.9903    6.46101    6.44431 0.0000e+00
       5107 209.397278     18.369     18.506          1    27.4701  57.069691  57.061256     5.9556    23.3135    27.4658    35.9900    6.46090    6.44420 0.0000e+00
       5108 209.397278     18.430     18.467          1    27.4709  57.068985  57.061501     5.9555    23.3125    27.4666    35.9889    6.46086    6.44416 0.0000e+00
