translate/ONIV_022T.cnv
* Sea-Bird SBE 9 Data File:
* FileName = D:\COMISSOES\2009\OCEANO_NORTE_IV\Bruto\ONIV_022.dat
* Software Version Seasave Win32 V 5.37d
* Temperature SN = 2326
* Conductivity SN = 2002
* Number of Bytes Per Scan = 21
* Number of Voltage Words = 1
* Number of Scans Averaged by the Deck Unit = 1
* NMEA Latitude = 04 04.05 N
* NMEA Longitude = 049 16.14 W
* NMEA UTC (Time) = 19:18:31
** H40
** NOc ANTARES
** 204
** OCEANO N IV
**   022
**   04 04,03 N
**   049 16,13 W
**   09/08/2009 19:17
**   305
** 9P46375-0881
**   1T TANGARI
# nquan = 15                                
# nvalues = 20877                       
# units = specified
# name 0 = scan: Scan Count
# name 1 = timeJ: Julian Days
# name 2 = depSM: Depth [salt water, m]
# name 3 = prDM: Pressure, Digiquartz [db]
# name 4 = pumps: Pump Status
# name 5 = t090C: Temperature [ITS-90, deg C]
# name 6 = c0mS/cm: Conductivity [mS/cm]
# name 7 = c1mS/cm: Conductivity, 2 [mS/cm]
# name 8 = sbeox0Mg/L: Oxygen, SBE 43 [mg/l]
# name 9 = sigma-é00: Density [sigma-theta, kg/m^3]
# name 10 = potemp090C: Potential Temperature [ITS-90, deg C]
# name 11 = sal00: Salinity, Practical [PSU]
# name 12 = oxsolMg/L: Oxygen Saturation, Garcia & Gordon [mg/l]
# name 13 = oxsatMg/L: Oxygen Saturation, Weiss [mg/l]
# name 14 = flag: flag
# span 0 =          1,      20877       
# span 1 = 221.802094, 221.812164       
# span 2 =     -0.315,    280.233       
# span 3 =     -0.216,    281.919       
# span 4 =          1,          1       
# span 5 =    11.3044,    28.5571       
# span 6 =  39.501297,  57.763130       
# span 7 =  39.503990,  57.768181       
# span 8 =     4.7268,     6.6729       
# span 9 =    22.6976,    26.7664       
# span 10 =    11.2689,    28.5569      
# span 11 =    35.0342,    36.4398      
# span 12 =    6.35913,    8.77331      
# span 13 =    6.34279,    8.77470      
# span 14 = 0.0000e+00, 0.0000e+00      
# interval = seconds: 0.0416667
# start_time = Aug 09 2009 19:15:01 [System UpLoad Time]
# bad_flag = -9.990e-29
*END*
[from data line 2121]
       2122 221.803116     35.347     35.538          1    26.9006  56.647701  56.637985     6.0601    23.5993    26.8925    36.1242    6.51693    6.50013 0.0000e+00
       2123 221.803116     35.400     35.555          1    26.9018  56.646481  56.638329     6.0576    23.5975    26.8936    36.1224    6.51687    6.50007 0.0000e+00
       2124 221.803116     35.392     35.571          1    26.9019  56.645473  56.638348     6.0574    23.5969    26.8938    36.1216    6.51689    6.50008 0.0000e+00
       2125 221.803116     35.453     35.586          1    26.9000  56.645206  56.638329     6.0575    23.5984    26.8919    36.1228    6.51705    6.50024 0.0000e+00
       2126 221.803116     35.392     35.598          1    26.8984  56.645187  56.638840     6.0548    23.5999    26.8902    36.1241    6.51717    6.50037 0.0000e+00
       2127 221.803116     35.400     35.610          1    26.8978  56.645710  56.639179     6.0549    23.6007    26.8897    36.1249    6.51721    6.50040 0.0000e+00
       2128 221.803116     35.392     35.623          1    26.8990  56.646290  56.639065     6.0496    23.5999    26.8909    36.1244    6.51710    6.50029 0.0000e+00
       2129 221.803116     35.453     35.637          1    26.8997  56.647587  56.639122     6.0495    23.6000    26.8915    36.1248    6.51701    6.50021 0.0000e+00
       2130 221.803116     35.506     35.650          1    26.8993  56.650650  56.639442     6.0494    23.6020    26.8911    36.1273    6.51696    6.50015 0.0000e+00
       2131 221.803116     35.453     35.661          1    26.9002  56.652870  56.640167     6.0496    23.6024    26.8921    36.1282    6.51683    6.50002 0.0000e+00
       2132 221.803116     35.506     35.672          1    26.9039  56.655293  56.641113     6.0499    23.6004    26.8957    36.1270    6.51647    6.49967 0.0000e+00
       2133 221.803116     35.514     35.682          1    26.9057  56.657341  56.643353     6.0503    23.5998    26.8976    36.1271    6.51627    6.49947 0.0000e+00
       2134 221.803131     35.506     35.690          1    26.9077  56.658619  56.646286     6.0535    23.5987    26.8995    36.1265    6.51609    6.49928 0.0000e+00
       2135 221.803131     35.514     35.698          1    26.9107  56.659061  56.649319     6.0514    23.5962    26.9025    36.1244    6.51584    6.49903 0.0000e+00
       2136 221.803131     35.453     35.706          1    26.9126  56.658825  56.652008     6.0517    23.5944    26.9044    36.1228    6.51569    6.49889 0.0000e+00
       2137 221.803131     35.514     35.714          1    26.9127  56.658146  56.653610     6.0520    23.5939    26.9046    36.1222    6.51570    6.49889 0.0000e+00
       2138 221.803131     35.567     35.723          1    26.9133  56.656967  56.654671     6.0495    23.5927    26.9051    36.1209    6.51569    6.49888 0.0000e+00
       2139 221.803131     35.514     35.731          1    26.9127  56.657459  56.655827     6.0522    23.5935    26.9045    36.1217    6.51572    6.49891 0.0000e+00
       2140 221.803131     35.620     35.738          1    26.9111  56.660694  56.657440     6.0522    23.5968    26.9029    36.1253    6.51576    6.49896 0.0000e+00
       2141 221.803131     35.514     35.744          1    26.9112  56.664932  56.658726     6.0524    23.5990    26.9030    36.1283    6.51564    6.49884 0.0000e+00
       2142 221.803131     35.567     35.750          1    26.9155  56.666298  56.659748     6.0499    23.5958    26.9073    36.1259    6.51527    6.49846 0.0000e+00
       2143 221.803131     35.567     35.755          1    26.9201  56.670704  56.659420     6.0499    23.5940    26.9119    36.1255    6.51478    6.49798 0.0000e+00
       2144 221.803131     35.567     35.759          1    26.9210  56.681496  56.659691     6.0526    23.5990    26.9128    36.1325    6.51443    6.49763 0.0000e+00
       2145 221.803131     35.514     35.764          1    26.9240  56.692444  56.660923     6.0527    23.6023    26.9158    36.1381    6.51391    6.49711 0.0000e+00
       2146 221.803131     35.567     35.770          1    26.9385  56.698879  56.661793     6.0528    23.5926    26.9303    36.1314    6.51259    6.49579 0.0000e+00
       2147 221.803131     35.567     35.777          1    26.9501  56.703350  56.662361     6.0528    23.5845    26.9419    36.1256    6.51155    6.49475 0.0000e+00
       2148 221.803131     35.620     35.783          1    26.9564  56.707489  56.663860     6.0554    23.5810    26.9482    36.1236    6.51095    6.49415 0.0000e+00
       2149 221.803131     35.567     35.789          1    26.9619  56.710312  56.666817     6.0555    23.5776    26.9536    36.1214    6.51044    6.49364 0.0000e+00
       2150 221.803131     35.627     35.795          1    26.9672  56.711491  56.669407     6.0529    23.5733    26.9590    36.1181    6.50998    6.49319 0.0000e+00
       2151 221.803131     35.567     35.800          1    26.9711  56.710461  56.670105     6.0529    23.5693    26.9629    36.1143    6.50970    6.49291 0.0000e+00
       2152 221.803131     35.627     35.806          1    26.9724  56.708427  56.674759     6.0556    23.5670    26.9641    36.1119    6.50966    6.49286 0.0000e+00
       2153 221.803131     35.567     35.812          1    26.9722  56.705559  56.680496     6.0530    23.5657    26.9639    36.1100    6.50975    6.49295 0.0000e+00
       2154 221.803131     35.627     35.818          1    26.9703  56.703339  56.683823     6.0530    23.5661    26.9621    36.1098    6.50995    6.49316 0.0000e+00
       2155 221.803131     35.567     35.825          1    26.9668  56.700470  56.684803     6.0531    23.5677    26.9586    36.1105    6.51030    6.49351 0.0000e+00
       2156 221.803131     35.681     35.834          1    26.9648  56.695896  56.684402     6.0531    23.5671    26.9566    36.1087    6.51058    6.49379 0.0000e+00
       2157 221.803131     35.681     35.841          1    26.9619  56.692787  56.685604     6.0531    23.5681    26.9536    36.1088    6.51090    6.49410 0.0000e+00
       2158 221.803131     35.627     35.847          1    26.9578  56.691879  56.689758     6.0533    23.5712    26.9496    36.1113    6.51124    6.49444 0.0000e+00
       2159 221.803131     35.681     35.852          1    26.9521  56.691494  56.693600     6.0559    23.5762    26.9439    36.1155    6.51171    6.49491 0.0000e+00
       2160 221.803131     35.567     35.858          1    26.9505  56.690639  56.695263     6.0533    23.5772    26.9422    36.1161    6.51186    6.49506 0.0000e+00
       2161 221.803131     35.681     35.866          1    26.9499  56.689285  56.694782     6.0534    23.5770    26.9417    36.1156    6.51194    6.49514 0.0000e+00
       2162 221.803131     35.627     35.875          1    26.9481  56.688629  56.692944     6.0534    23.5783    26.9398    36.1165    6.51210    6.49530 0.0000e+00
       2163 221.803131     35.681     35.884          1    26.9482  56.688068  56.689114     6.0561    23.5779    26.9400    36.1160    6.51210    6.49530 0.0000e+00
       2164 221.803131     35.681     35.895          1    26.9484  56.687447  56.685516     6.0535    23.5773    26.9402    36.1154    6.51210    6.49530 0.0000e+00
       2165 221.803131     35.734     35.905          1    26.9481  56.686886  56.681782     6.0535    23.5774    26.9398    36.1153    6.51215    6.49535 0.0000e+00
       2166 221.803146     35.741     35.915          1    26.9482  56.685879  56.678486     6.0536    23.5767    26.9400    36.1144    6.51216    6.49536 0.0000e+00
       2167 221.803146     35.681     35.924          1    26.9475  56.684078  56.675610     6.0538    23.5764    26.9393    36.1137    6.51227    6.49547 0.0000e+00
       2168 221.803146     35.741     35.933          1    26.9468  56.680435  56.672523     6.0540    23.5751    26.9385    36.1116    6.51242    6.49562 0.0000e+00
       2169 221.803146     35.734     35.943          1    26.9460  56.677185  56.669285     6.0541    23.5740    26.9378    36.1099    6.51256    6.49576 0.0000e+00
       2170 221.803146     35.681     35.954          1    26.9425  56.674244  56.665798     6.0540    23.5755    26.9343    36.1105    6.51292    6.49612 0.0000e+00
       2171 221.803146     35.787     35.966          1    26.9372  56.672062  56.662579     6.0568    23.5792    26.9290    36.1131    6.51340    6.49660 0.0000e+00
       2172 221.803146     35.741     35.979          1    26.9321  56.671055  56.661015     6.0597    23.5833    26.9238    36.1163    6.51383    6.49703 0.0000e+00
       2173 221.803146     35.794     35.993          1    26.9289  56.670826  56.660694     6.0572    23.5860    26.9207    36.1186    6.51409    6.49728 0.0000e+00
       2174 221.803146     35.787     36.007          1    26.9275  56.671101  56.660732     6.0601    23.5875    26.9192    36.1199    6.51419    6.49739 0.0000e+00
       2175 221.803146     35.794     36.021          1    26.9260  56.670959  56.660179     6.0605    23.5888    26.9177    36.1210    6.51432    6.49752 0.0000e+00
       2176 221.803146     35.847     36.036          1    26.9271  56.669777  56.659534     6.0581    23.5871    26.9188    36.1193    6.51426    6.49746 0.0000e+00
       2177 221.803146     35.794     36.052          1    26.9273  56.667259  56.658245     6.0610    23.5856    26.9190    36.1173    6.51431    6.49751 0.0000e+00
       2178 221.803146     35.847     36.069          1    26.9260  56.664803  56.656277     6.0612    23.5854    26.9177    36.1166    6.51448    6.49768 0.0000e+00
       2179 221.803146     35.855     36.088          1    26.9230  56.662247  56.655010     6.0612    23.5867    26.9148    36.1170    6.51478    6.49798 0.0000e+00
       2180 221.803146     35.901     36.107          1    26.9203  56.661129  56.654366     6.0640    23.5886    26.9120    36.1183    6.51503    6.49822 0.0000e+00
       2181 221.803146     35.855     36.128          1    26.9187  56.660160  56.652813     6.0640    23.5896    26.9104    36.1189    6.51518    6.49838 0.0000e+00
       2182 221.803146     36.014     36.149          1    26.9170  56.659660  56.651432     6.0641    23.5908    26.9087    36.1198    6.51533    6.49852 0.0000e+00
       2183 221.803146     35.961     36.170          1    26.9163  56.658825  56.649193     6.0641    23.5910    26.9079    36.1198    6.51541    6.49860 0.0000e+00
       2184 221.803146     36.014     36.190          1    26.9151  56.657242  56.647358     6.0615    23.5911    26.9068    36.1195    6.51554    6.49873 0.0000e+00
       2185 221.803146     35.961     36.209          1    26.9138  56.654587  56.646225     6.0615    23.5909    26.9055    36.1186    6.51571    6.49891 0.0000e+00
       2186 221.803146     35.961     36.231          1    26.9124  56.651413  56.645298     6.0642    23.5905    26.9041    36.1175    6.51591    6.49911 0.0000e+00
       2187 221.803146     36.022     36.254          1    26.9102  56.648975  56.645126     6.0616    23.5912    26.9019    36.1174    6.51615    6.49934 0.0000e+00
       2188 221.803146     36.075     36.279          1    26.9070  56.648849  56.645603     6.0616    23.5940    26.8986    36.1198    6.51641    6.49960 0.0000e+00
       2189 221.803146     36.022     36.305          1    26.9046  56.648983  56.646324     6.0617    23.5962    26.8963    36.1217    6.51659    6.49978 0.0000e+00
       2190 221.803146     36.128     36.332          1    26.9045  56.649158  56.646111     6.0617    23.5964    26.8961    36.1220    6.51660    6.49979 0.0000e+00
       2191 221.803146     36.136     36.361          1    26.9043  56.647469  56.645016     6.0618    23.5957    26.8959    36.1209    6.51666    6.49985 0.0000e+00
       2192 221.803146     36.189     36.391          1    26.9038  56.645264  56.644695     6.0618    23.5950    26.8954    36.1197    6.51676    6.49995 0.0000e+00
       2193 221.803146     36.189     36.420          1    26.9017  56.644085  56.645035     6.0618    23.5962    26.8934    36.1205    6.51695    6.50015 0.0000e+00
       2194 221.803146     36.250     36.451          1    26.8981  56.645096  56.644066     6.0618    23.6000    26.8897    36.1240    6.51721    6.50041 0.0000e+00
       2195 221.803146     36.242     36.481          1    26.8956  56.645969  56.642399     6.0645    23.6027    26.8873    36.1265    6.51738    6.50058 0.0000e+00
       2196 221.803146     36.250     36.514          1    26.8981  56.646118  56.643505     6.0620    23.6006    26.8897    36.1247    6.51719    6.50038 0.0000e+00
       2197 221.803146     36.356     36.547          1    26.8984  56.646122  56.645382     6.0620    23.6002    26.8900    36.1244    6.51716    6.50035 0.0000e+00
       2198 221.803162     36.303     36.582          1    26.8984  56.646122  56.645092     6.0620    23.6002    26.8900    36.1244    6.51716    6.50036 0.0000e+00
       2199 221.803162     36.409     36.619          1    26.8985  56.647167  56.642967     6.0621    23.6008    26.8901    36.1251    6.51713    6.50032 0.0000e+00
       2200 221.803162     36.416     36.657          1    26.8986  56.647572  56.640980     6.0648    23.6009    26.8902    36.1253    6.51711    6.50031 0.0000e+00
       2201 221.803162     36.470     36.695          1    26.8995  56.647007  56.639957     6.0649    23.5997    26.8911    36.1242    6.51705    6.50025 0.0000e+00
       2202 221.803162     36.470     36.736          1    26.9008  56.644196  56.639202     6.0650    23.5970    26.8924    36.1211    6.51702    6.50022 0.0000e+00
       2203 221.803162     36.583     36.777          1    26.9004  56.639668  56.638046     6.0652    23.5949    26.8920    36.1182    6.51718    6.50037 0.0000e+00
       2204 221.803162     36.644     36.819          1    26.8977  56.634617  56.635448     6.0653    23.5946    26.8892    36.1167    6.51753    6.50072 0.0000e+00
       2205 221.803162     36.583     36.860          1    26.8935  56.629745  56.632076     6.0653    23.5958    26.8850    36.1164    6.51799    6.50118 0.0000e+00
       2206 221.803162     36.690     36.903          1    26.8877  56.627159  56.628712     6.0680    23.5996    26.8793    36.1190    6.51851    6.50170 0.0000e+00
       2207 221.803162     36.750     36.947          1    26.8820  56.625477  56.626289     6.0680    23.6038    26.8736    36.1222    6.51901    6.50220 0.0000e+00
       2208 221.803162     36.750     36.991          1    26.8784  56.624489  56.624851     6.0680    23.6066    26.8699    36.1244    6.51932    6.50252 0.0000e+00
       2209 221.803162     36.864     37.035          1    26.8765  56.624474  56.623867     6.0681    23.6083    26.8680    36.1258    6.51947    6.50266 0.0000e+00
       2210 221.803162     36.803     37.079          1    26.8745  56.624298  56.623474     6.0708    23.6100    26.8660    36.1272    6.51964    6.50283 0.0000e+00
       2211 221.803162     36.925     37.125          1    26.8741  56.623409  56.623245     6.0683    23.6098    26.8656    36.1269    6.51969    6.50288 0.0000e+00
       2212 221.803162     36.917     37.171          1    26.8737  56.622559  56.622787     6.0686    23.6097    26.8652    36.1265    6.51975    6.50294 0.0000e+00
       2213 221.803162     37.039     37.218          1    26.8727  56.622833  56.622772     6.0686    23.6109    26.8641    36.1275    6.51982    6.50301 0.0000e+00
       2214 221.803162     37.031     37.265          1    26.8718  56.622696  56.622925     6.0687    23.6116    26.8632    36.1281    6.51990    6.50309 0.0000e+00
       2215 221.803162     37.092     37.313          1    26.8716  56.622368  56.623188     6.0713    23.6116    26.8630    36.1280    6.51992    6.50311 0.0000e+00
       2216 221.803162     37.153     37.361          1    26.8715  56.622292  56.623096     6.0713    23.6116    26.8629    36.1280    6.51993    6.50312 0.0000e+00
