translate/ONIV_025T.cnv
* Sea-Bird SBE 9 Data File:
* FileName = D:\COMISSOES\2009\OCEANO_NORTE_IV\Bruto\ONIV_025.dat
* Software Version Seasave Win32 V 5.37d
* Temperature SN = 2326
* Conductivity SN = 2002
* Number of Bytes Per Scan = 21
* Number of Voltage Words = 1
* Number of Scans Averaged by the Deck Unit = 1
* NMEA Latitude = 02 42.46 N
* NMEA Longitude = 048 13.48 W
* NMEA UTC (Time) = 07:29:37
** H40
** NOc ANTARES
** 204
** OCEANO N IV
**   025
**   02 42.40N
**   048 13.51 W
**   28/07/2009 07:27Z
**   96
** 9P46375-0881
**   1T JUAREZ
# nquan = 15                                
# nvalues = 8851                        
# units = specified
# name 0 = scan: Scan Count
# name 1 = timeJ: Julian Days
# name 2 = depSM: Depth [salt water, m]
# name 3 = prDM: Pressure, Digiquartz [db]
# name 4 = pumps: Pump Status
# name 5 = t090C: Temperature [ITS-90, deg C]
# name 6 = c0mS/cm: Conductivity [mS/cm]
# name 7 = c1mS/cm: Conductivity, 2 [mS/cm]
# name 8 = sbeox0Mg/L: Oxygen, SBE 43 [mg/l]
# name 9 = sigma-é00: Density [sigma-theta, kg/m^3]
# name 10 = potemp090C: Potential Temperature [ITS-90, deg C]
# name 11 = sal00: Salinity, Practical [PSU]
# name 12 = oxsolMg/L: Oxygen Saturation, Garcia & Gordon [mg/l]
# name 13 = oxsatMg/L: Oxygen Saturation, Weiss [mg/l]
# name 14 = flag: flag
# span 0 =          1,       8851       
# span 1 = 209.310089, 209.314362       
# span 2 =     -0.062,     81.013       
# span 3 =      0.040,     81.397       
# span 4 =          1,          1       
# span 5 =    24.6223,    28.5647       
# span 6 =  41.384792,  57.265739       
# span 7 =  41.597500,  57.257488       
# span 8 =     5.6778,     7.1379       
# span 9 =    14.3823,    24.2069       
# span 10 =    24.6048,    28.5646      
# span 11 =    24.5525,    36.1393      
# span 12 =    6.41989,    6.77804      
# span 13 =    6.40326,    6.76130      
# span 14 = 0.0000e+00, 0.0000e+00      
# interval = seconds: 0.0416667
# start_time = Jul 28 2009 07:26:32 [System UpLoad Time]
# bad_flag = -9.990e-29
*END*
[from data line 386]
        387 209.310272      1.250      1.245          1    28.4081  44.343212  44.667324     6.8202    15.9608    28.4078    26.5977    6.70444    6.68630 0.0000e+00
        388 209.310272      1.250      1.248          1    28.4071  44.362228  44.669525     6.8201    15.9710    28.4068    26.6109    6.70405    6.68591 0.0000e+00
        389 209.310272      1.220      1.250          1    28.4047  44.368660  44.685116     6.8201    15.9760    28.4044    26.6166    6.70411    6.68597 0.0000e+00
        390 209.310287      1.250      1.253          1    28.3986  44.361458  44.702892     6.8228    15.9769    28.3983    26.6152    6.70484    6.68670 0.0000e+00
        391 209.310287      1.250      1.255          1    28.3967  44.348808  44.721386     6.8229    15.9719    28.3964    26.6078    6.70533    6.68718 0.0000e+00
        392 209.310287      1.250      1.258          1    28.3986  44.340199  44.739666     6.8282    15.9662    28.3983    26.6010    6.70537    6.68723 0.0000e+00
        393 209.310287      1.250      1.261          1    28.3991  44.329941  44.762119     6.8229    15.9607    28.3989    26.5938    6.70558    6.68743 0.0000e+00
        394 209.310287      1.273      1.263          1    28.4004  44.307602  44.785748     6.8255    15.9486    28.4001    26.5782    6.70602    6.68787 0.0000e+00
        395 209.310287      1.250      1.266          1    28.4081  44.280949  44.803516     6.8283    15.9297    28.4078    26.5561    6.70599    6.68785 0.0000e+00
        396 209.310287      1.250      1.268          1    28.4127  44.260849  44.813389     6.8257    15.9162    28.4124    26.5401    6.70608    6.68793 0.0000e+00
        397 209.310287      1.303      1.271          1    28.4149  44.252274  44.819115     6.8285    15.9103    28.4146    26.5331    6.70609    6.68794 0.0000e+00
        398 209.310287      1.190      1.273          1    28.4132  44.256153  44.826195     6.8313    15.9135    28.4129    26.5367    6.70614    6.68799 0.0000e+00
        399 209.310287      1.334      1.276          1    28.4119  44.269588  44.832558     6.8315    15.9211    28.4116    26.5464    6.70593    6.68778 0.0000e+00
        400 209.310287      1.250      1.279          1    28.4093  44.289776  44.836655     6.8320    15.9331    28.4090    26.5613    6.70566    6.68751 0.0000e+00
        401 209.310287      1.303      1.281          1    28.4081  44.310646  44.839386     6.8302    15.9445    28.4078    26.5759    6.70525    6.68711 0.0000e+00
        402 209.310287      1.250      1.283          1    28.4058  44.320793  44.833958     6.8335    15.9512    28.4055    26.5840    6.70520    6.68706 0.0000e+00
        403 209.310287      1.273      1.285          1    28.4044  44.312744  44.819363     6.8345    15.9483    28.4041    26.5794    6.70553    6.68739 0.0000e+00
        404 209.310287      1.303      1.287          1    28.4041  44.291584  44.801937     6.8353    15.9379    28.4038    26.5654    6.70608    6.68793 0.0000e+00
        405 209.310287      1.250      1.290          1    28.4043  44.275272  44.791313     6.8352    15.9296    28.4040    26.5544    6.70647    6.68832 0.0000e+00
        406 209.310287      1.364      1.291          1    28.4060  44.272785  44.795345     6.8404    15.9271    28.4057    26.5518    6.70638    6.68823 0.0000e+00
        407 209.310287      1.250      1.292          1    28.4064  44.278770  44.800919     6.8431    15.9298    28.4061    26.5556    6.70620    6.68805 0.0000e+00
        408 209.310287      1.273      1.293          1    28.4058  44.286674  44.798016     6.8381    15.9342    28.4055    26.5612    6.70605    6.68791 0.0000e+00
        409 209.310287      1.303      1.295          1    28.4060  44.288876  44.795067     6.8353    15.9351    28.4057    26.5625    6.70598    6.68783 0.0000e+00
        410 209.310287      1.303      1.296          1    28.4071  44.287685  44.796761     6.8353    15.9337    28.4068    26.5611    6.70591    6.68776 0.0000e+00
        411 209.310287      1.303      1.296          1    28.4090  44.322601  44.811382     6.8355    15.9498    28.4087    26.5834    6.70487    6.68673 0.0000e+00
        412 209.310287      1.250      1.296          1    28.4106  44.401028  44.834660     6.8382    15.9878    28.4103    26.6349    6.70277    6.68463 0.0000e+00
        413 209.310287      1.334      1.297          1    28.4101  44.465370  44.847485     6.8378    16.0203    28.4098    26.6782    6.70121    6.68309 0.0000e+00
        414 209.310287      1.303      1.296          1    28.4085  44.483849  44.841415     6.8372    16.0307    28.4082    26.6914    6.70090    6.68277 0.0000e+00
        415 209.310287      1.250      1.296          1    28.4055  44.493282  44.833424     6.8396    16.0377    28.4052    26.6994    6.70094    6.68281 0.0000e+00
        416 209.310287      1.250      1.296          1    28.4040  44.535778  44.839333     6.8423    16.0601    28.4037    26.7286    6.70001    6.68189 0.0000e+00
        417 209.310287      1.334      1.298          1    28.4019  44.565189  44.852650     6.8426    16.0763    28.4016    26.7495    6.69946    6.68135 0.0000e+00
        418 209.310287      1.303      1.298          1    28.4010  44.552448  44.860134     6.8431    16.0706    28.4007    26.7415    6.69986    6.68174 0.0000e+00
        419 209.310287      1.303      1.298          1    28.3977  44.536640  44.863911     6.8433    16.0652    28.3974    26.7328    6.70056    6.68244 0.0000e+00
        420 209.310287      1.303      1.298          1    28.3975  44.547813  44.864883     6.8463    16.0709    28.3972    26.7403    6.70030    6.68218 0.0000e+00
        421 209.310303      1.250      1.297          1    28.3982  44.593147  44.859406     6.8497    16.0930    28.3979    26.7702    6.69910    6.68098 0.0000e+00
        422 209.310303      1.334      1.296          1    28.3991  44.651978  44.854897     6.8506    16.1218    28.3988    26.8091    6.69755    6.67944 0.0000e+00
        423 209.310303      1.250      1.296          1    28.3982  44.692200  44.859798     6.8540    16.1426    28.3979    26.8365    6.69663    6.67852 0.0000e+00
        424 209.310303      1.303      1.296          1    28.3973  44.709747  44.867645     6.8576    16.1521    28.3970    26.8488    6.69628    6.67817 0.0000e+00
        425 209.310303      1.303      1.295          1    28.3928  44.736927  44.872807     6.8594    16.1690    28.3925    26.8694    6.69600    6.67790 0.0000e+00
        426 209.310303      1.250      1.294          1    28.3912  44.765762  44.877274     6.8632    16.1847    28.3909    26.8897    6.69543    6.67733 0.0000e+00
        427 209.310303      1.273      1.295          1    28.3886  44.776867  44.880775     6.8684    16.1921    28.3883    26.8986    6.69539    6.67729 0.0000e+00
        428 209.310303      1.303      1.296          1    28.3867  44.776623  44.882542     6.8733    16.1934    28.3864    26.8995    6.69556    6.67746 0.0000e+00
        429 209.310303      1.303      1.296          1    28.3848  44.758530  44.883694     6.8699    16.1857    28.3845    26.8884    6.69618    6.67808 0.0000e+00
        430 209.310303      1.250      1.296          1    28.3843  44.746624  44.884377     6.8672    16.1802    28.3840    26.8807    6.69653    6.67842 0.0000e+00
        431 209.310303      1.334      1.297          1    28.3841  44.767857  44.884926     6.8729    16.1909    28.3838    26.8950    6.69601    6.67791 0.0000e+00
        432 209.310303      1.250      1.298          1    28.3845  44.800999  44.885269     6.8732    16.2073    28.3842    26.9170    6.69515    6.67706 0.0000e+00
        433 209.310303      1.303      1.298          1    28.3837  44.828281  44.885597     6.8737    16.2215    28.3834    26.9357    6.69454    6.67645 0.0000e+00
        434 209.310303      1.250      1.300          1    28.3833  44.844376  44.885887     6.8760    16.2298    28.3830    26.9467    6.69417    6.67608 0.0000e+00
        435 209.310303      1.303      1.302          1    28.3830  44.846893  44.886524     6.8792    16.2313    28.3827    26.9486    6.69414    6.67605 0.0000e+00
        436 209.310303      1.334      1.304          1    28.3825  44.845802  44.886917     6.8785    16.2312    28.3821    26.9482    6.69422    6.67613 0.0000e+00
        437 209.310303      1.250      1.306          1    28.3822  44.845524  44.887039     6.8782    16.2312    28.3819    26.9481    6.69424    6.67615 0.0000e+00
        438 209.310303      1.303      1.308          1    28.3821  44.846844  44.887417     6.8808    16.2320    28.3818    26.9491    6.69422    6.67613 0.0000e+00
        439 209.310303      1.303      1.311          1    28.3818  44.853771  44.887432     6.8835    16.2357    28.3815    26.9539    6.69408    6.67598 0.0000e+00
        440 209.310303      1.303      1.313          1    28.3817  44.862926  44.887554     6.8833    16.2404    28.3814    26.9601    6.69386    6.67577 0.0000e+00
        441 209.310303      1.273      1.317          1    28.3815  44.870152  44.887814     6.8858    16.2441    28.3812    26.9650    6.69369    6.67560 0.0000e+00
        442 209.310303      1.303      1.321          1    28.3811  44.873508  44.887985     6.8829    16.2461    28.3808    26.9675    6.69364    6.67556 0.0000e+00
        443 209.310303      1.364      1.325          1    28.3810  44.872555  44.887863     6.8828    16.2457    28.3807    26.9669    6.69368    6.67559 0.0000e+00
        444 209.310303      1.303      1.329          1    28.3805  44.866245  44.887863     6.8851    16.2429    28.3802    26.9629    6.69388    6.67579 0.0000e+00
        445 209.310303      1.334      1.332          1    28.3802  44.857151  44.887985     6.8844    16.2386    28.3799    26.9570    6.69414    6.67604 0.0000e+00
        446 209.310303      1.303      1.335          1    28.3802  44.850250  44.887863     6.8807    16.2351    28.3799    26.9524    6.69431    6.67622 0.0000e+00
        447 209.310303      1.303      1.340          1    28.3804  44.850391  44.887867     6.8771    16.2350    28.3801    26.9524    6.69429    6.67619 0.0000e+00
        448 209.310303      1.364      1.345          1    28.3806  44.858315  44.888245     6.8766    16.2389    28.3803    26.9576    6.69407    6.67598 0.0000e+00
        449 209.310303      1.364      1.349          1    28.3805  44.868984  44.888206     6.8764    16.2442    28.3802    26.9648    6.69381    6.67572 0.0000e+00
        450 209.310303      1.334      1.353          1    28.3804  44.875233  44.888103     6.8814    16.2475    28.3801    26.9690    6.69367    6.67558 0.0000e+00
        451 209.310303      1.364      1.357          1    28.3799  44.876034  44.887104     6.8789    16.2483    28.3795    26.9699    6.69370    6.67561 0.0000e+00
        452 209.310303      1.364      1.360          1    28.3799  44.875648  44.886780     6.8789    16.2481    28.3795    26.9696    6.69371    6.67562 0.0000e+00
        453 209.310318      1.364      1.363          1    28.3798  44.875561  44.887558     6.8764    16.2481    28.3795    26.9696    6.69372    6.67563 0.0000e+00
        454 209.310318      1.364      1.365          1    28.3800  44.875984  44.888123     6.8714    16.2481    28.3797    26.9697    6.69368    6.67559 0.0000e+00
        455 209.310318      1.387      1.367          1    28.3799  44.876701  44.888123     6.8719    16.2486    28.3795    26.9703    6.69368    6.67559 0.0000e+00
        456 209.310318      1.303      1.369          1    28.3800  44.878529  44.888088     6.8750    16.2494    28.3797    26.9714    6.69362    6.67553 0.0000e+00
        457 209.310318      1.417      1.371          1    28.3800  44.880863  44.887985     6.8755    16.2506    28.3797    26.9730    6.69356    6.67547 0.0000e+00
        458 209.310318      1.364      1.373          1    28.3800  44.882565  44.888004     6.8711    16.2515    28.3797    26.9742    6.69352    6.67543 0.0000e+00
        459 209.310318      1.387      1.374          1    28.3800  44.883354  44.888279     6.8726    16.2518    28.3797    26.9747    6.69350    6.67541 0.0000e+00
        460 209.310318      1.364      1.374          1    28.3800  44.883598  44.888206     6.8745    16.2520    28.3797    26.9748    6.69349    6.67541 0.0000e+00
        461 209.310318      1.364      1.374          1    28.3800  44.882946  44.887329     6.8788    16.2516    28.3797    26.9744    6.69351    6.67542 0.0000e+00
        462 209.310318      1.364      1.375          1    28.3802  44.882294  44.886951     6.8774    16.2512    28.3799    26.9739    6.69351    6.67542 0.0000e+00
        463 209.310318      1.417      1.375          1    28.3800  44.882526  44.886971     6.8754    16.2514    28.3797    26.9741    6.69352    6.67544 0.0000e+00
        464 209.310318      1.334      1.374          1    28.3800  44.881699  44.885952     6.8721    16.2510    28.3797    26.9736    6.69354    6.67545 0.0000e+00
        465 209.310318      1.417      1.373          1    28.3800  44.879910  44.885406     6.8682    16.2501    28.3797    26.9724    6.69359    6.67550 0.0000e+00
        466 209.310318      1.364      1.371          1    28.3800  44.876884  44.884769     6.8674    16.2486    28.3797    26.9703    6.69366    6.67557 0.0000e+00
        467 209.310318      1.364      1.369          1    28.3802  44.872517  44.883343     6.8672    16.2463    28.3799    26.9673    6.69375    6.67566 0.0000e+00
        468 209.310318      1.364      1.366          1    28.3801  44.866756  44.880558     6.8645    16.2434    28.3798    26.9635    6.69390    6.67581 0.0000e+00
        469 209.310318      1.387      1.363          1    28.3804  44.857906  44.867218     6.8618    16.2388    28.3801    26.9574    6.69410    6.67601 0.0000e+00
        470 209.310318      1.364      1.359          1    28.3804  44.840027  44.838543     6.8583    16.2298    28.3801    26.9454    6.69454    6.67645 0.0000e+00
        471 209.310318      1.303      1.355          1    28.3810  44.807819  44.803806     6.8563    16.2133    28.3807    26.9236    6.69530    6.67720 0.0000e+00
        472 209.310318      1.364      1.351          1    28.3811  44.773830  44.775146     6.8542    16.1961    28.3808    26.9007    6.69613    6.67803 0.0000e+00
        473 209.310318      1.387      1.347          1    28.3822  44.737366  44.754658     6.8558    16.1771    28.3819    26.8757    6.69694    6.67884 0.0000e+00
        474 209.310318      1.303      1.343          1    28.3841  44.702034  44.741287     6.8587    16.1580    28.3838    26.8510    6.69765    6.67955 0.0000e+00
        475 209.310318      1.364      1.338          1    28.3843  44.689442  44.733700     6.8545    16.1515    28.3840    26.8425    6.69795    6.67984 0.0000e+00
        476 209.310318      1.364      1.332          1    28.3854  44.695553  44.729469     6.8502    16.1538    28.3851    26.8459    6.69770    6.67959 0.0000e+00
        477 209.310318      1.303      1.325          1    28.3865  44.692680  44.729771     6.8531    16.1515    28.3862    26.8434    6.69767    6.67956 0.0000e+00
        478 209.310318      1.334      1.317          1    28.3868  44.681705  44.736149     6.8550    16.1458    28.3865    26.8359    6.69792    6.67981 0.0000e+00
        479 209.310318      1.250      1.310          1    28.3878  44.677296  44.740959     6.8543    16.1428    28.3875    26.8324    6.69794    6.67983 0.0000e+00
        480 209.310318      1.364      1.303          1    28.3882  44.676262  44.745510     6.8532    16.1420    28.3879    26.8315    6.69793    6.67982 0.0000e+00
        481 209.310318      1.250      1.296          1    28.3888  44.670174  44.750156     6.8532    16.1386    28.3885    26.8271    6.69803    6.67992 0.0000e+00
