translate/ONIV_023T.cnv
* Sea-Bird SBE 9 Data File:
* FileName = D:\COMISSOES\2009\OCEANO_NORTE_IV\Bruto\ONIV_023.dat
* Software Version Seasave Win32 V 5.37d
* Temperature SN = 2326
* Conductivity SN = 2002
* Number of Bytes Per Scan = 21
* Number of Voltage Words = 1
* Number of Scans Averaged by the Deck Unit = 1
* NMEA Latitude = 03 52.93 N
* NMEA Longitude = 049 27.05 W
* NMEA UTC (Time) = 21:31:37
** H40
** NOc ANTARES
** 204
** OCEANO N IV
**   023
**   03 52.90 N
**   049 27.02 W
**   09/08/2009 21:30 Z
**   95
** 9P46375-0881
**   1T JUAREZ
# nquan = 15                                
# nvalues = 9380                        
# units = specified
# name 0 = scan: Scan Count
# name 1 = timeJ: Julian Days
# name 2 = depSM: Depth [salt water, m]
# name 3 = prDM: Pressure, Digiquartz [db]
# name 4 = pumps: Pump Status
# name 5 = t090C: Temperature [ITS-90, deg C]
# name 6 = c0mS/cm: Conductivity [mS/cm]
# name 7 = c1mS/cm: Conductivity, 2 [mS/cm]
# name 8 = sbeox0Mg/L: Oxygen, SBE 43 [mg/l]
# name 9 = sigma-é00: Density [sigma-theta, kg/m^3]
# name 10 = potemp090C: Potential Temperature [ITS-90, deg C]
# name 11 = sal00: Salinity, Practical [PSU]
# name 12 = oxsolMg/L: Oxygen Saturation, Garcia & Gordon [mg/l]
# name 13 = oxsatMg/L: Oxygen Saturation, Weiss [mg/l]
# name 14 = flag: flag
# span 0 =          1,       9380       
# span 1 = 221.894577, 221.899094       
# span 2 =     -0.176,     86.222       
# span 3 =     -0.101,     86.624       
# span 4 =          1,          1       
# span 5 =    24.2998,    28.5558       
# span 6 =  53.660919,  57.094578       
# span 7 =  53.670025,  57.098061       
# span 8 =     5.5103,     6.1954       
# span 9 =    21.6474,    24.3026       
# span 10 =    24.2814,    28.5556      
# span 11 =    34.2473,    36.0763      
# span 12 =    6.40877,    6.81459      
# span 13 =    6.39214,    6.79796      
# span 14 = 0.0000e+00, 0.0000e+00      
# interval = seconds: 0.0416667
# start_time = Aug 09 2009 21:28:11 [System UpLoad Time]
# bad_flag = -9.990e-29
*END*
[from data line 9157]
       9158 221.898987      1.063      1.016          1    28.5322  55.748680  55.795792     6.1363    21.6758    28.5319    34.2760    6.41078    6.39415 0.0000e+00
       9159 221.898987      0.919      1.016          1    28.5338  55.746315  55.794418     6.1363    21.6732    28.5335    34.2732    6.41072    6.39408 0.0000e+00
       9160 221.898987      1.063      1.016          1    28.5374  55.744930  55.792534     6.1386    21.6693    28.5372    34.2696    6.41047    6.39383 0.0000e+00
       9161 221.898987      1.010      1.016          1    28.5415  55.744106  55.790276     6.1384    21.6652    28.5413    34.2660    6.41016    6.39353 0.0000e+00
       9162 221.898987      0.949      1.016          1    28.5443  55.744492  55.789810     6.1410    21.6631    28.5440    34.2643    6.40994    6.39330 0.0000e+00
       9163 221.898987      1.010      1.018          1    28.5454  55.745148  55.789566     6.1409    21.6624    28.5452    34.2640    6.40983    6.39320 0.0000e+00
       9164 221.898987      1.033      1.020          1    28.5453  55.746975  55.789978     6.1407    21.6635    28.5450    34.2653    6.40980    6.39316 0.0000e+00
       9165 221.898987      0.949      1.022          1    28.5443  55.749092  55.790714     6.1407    21.6655    28.5440    34.2675    6.40982    6.39319 0.0000e+00
       9166 221.898987      0.835      1.028          1    28.5427  55.750183  55.792030     6.1433    21.6674    28.5424    34.2694    6.40992    6.39329 0.0000e+00
       9167 221.898987      1.290      1.035          1    28.5381  55.751244  55.794273     6.1460    21.6719    28.5379    34.2734    6.41025    6.39362 0.0000e+00
       9168 221.898987      0.919      1.040          1    28.5332  55.751820  55.797497     6.1437    21.6765    28.5330    34.2774    6.41063    6.39399 0.0000e+00
       9169 221.898987      1.010      1.046          1    28.5313  55.752724  55.803223     6.1438    21.6787    28.5310    34.2794    6.41076    6.39412 0.0000e+00
       9170 221.898987      1.063      1.052          1    28.5287  55.754265  55.812359     6.1412    21.6817    28.5285    34.2823    6.41092    6.39428 0.0000e+00
       9171 221.898987      1.063      1.059          1    28.5240  55.757111  55.818295     6.1387    21.6873    28.5238    34.2877    6.41122    6.39458 0.0000e+00
       9172 221.899002      1.063      1.066          1    28.5210  55.760689  55.818981     6.1363    21.6918    28.5208    34.2923    6.41137    6.39472 0.0000e+00
       9173 221.899002      1.093      1.072          1    28.5191  55.763165  55.815041     6.1364    21.6947    28.5189    34.2954    6.41145    6.39481 0.0000e+00
       9174 221.899002      1.010      1.078          1    28.5179  55.763332  55.811298     6.1338    21.6959    28.5176    34.2964    6.41155    6.39491 0.0000e+00
       9175 221.899002      1.124      1.084          1    28.5182  55.760674  55.812286     6.1339    21.6942    28.5180    34.2943    6.41159    6.39494 0.0000e+00
       9176 221.899002      1.063      1.090          1    28.5178  55.758274  55.815319     6.1313    21.6933    28.5176    34.2929    6.41168    6.39503 0.0000e+00
       9177 221.899002      1.093      1.097          1    28.5195  55.757008  55.815781     6.1287    21.6911    28.5193    34.2908    6.41157    6.39493 0.0000e+00
       9178 221.899002      1.063      1.104          1    28.5221  55.757336  55.813633     6.1261    21.6890    28.5219    34.2892    6.41136    6.39472 0.0000e+00
       9179 221.899002      1.063      1.112          1    28.5225  55.758858  55.810074     6.1262    21.6895    28.5222    34.2900    6.41129    6.39465 0.0000e+00
       9180 221.899002      1.177      1.121          1    28.5227  55.759644  55.807194     6.1236    21.6898    28.5224    34.2904    6.41126    6.39462 0.0000e+00
       9181 221.899002      1.124      1.129          1    28.5204  55.760509  55.804977     6.1210    21.6922    28.5201    34.2926    6.41142    6.39478 0.0000e+00
       9182 221.899002      1.093      1.136          1    28.5193  55.760525  55.804230     6.1210    21.6931    28.5191    34.2934    6.41150    6.39486 0.0000e+00
       9183 221.899002      1.177      1.144          1    28.5180  55.760277  55.803020     6.1184    21.6942    28.5177    34.2942    6.41161    6.39497 0.0000e+00
       9184 221.899002      1.124      1.152          1    28.5173  55.759411  55.801460     6.1158    21.6944    28.5170    34.2941    6.41169    6.39505 0.0000e+00
       9185 221.899002      1.177      1.160          1    28.5179  55.757580  55.799934     6.1158    21.6929    28.5176    34.2924    6.41169    6.39505 0.0000e+00
       9186 221.899002      1.177      1.167          1    28.5199  55.756432  55.798595     6.1159    21.6905    28.5196    34.2901    6.41156    6.39492 0.0000e+00
       9187 221.899002      1.146      1.173          1    28.5219  55.756104  55.796696     6.1158    21.6886    28.5216    34.2884    6.41141    6.39477 0.0000e+00
       9188 221.899002      1.177      1.180          1    28.5219  55.755028  55.794930     6.1132    21.6880    28.5216    34.2877    6.41143    6.39479 0.0000e+00
       9189 221.899002      1.177      1.188          1    28.5242  55.754856  55.792706     6.1106    21.6860    28.5239    34.2860    6.41126    6.39462 0.0000e+00
       9190 221.899002      1.230      1.195          1    28.5252  55.754856  55.789730     6.1105    21.6850    28.5250    34.2852    6.41118    6.39454 0.0000e+00
       9191 221.899002      1.199      1.200          1    28.5257  55.755470  55.786343     6.1103    21.6850    28.5254    34.2853    6.41113    6.39449 0.0000e+00
       9192 221.899002      1.230      1.205          1    28.5258  55.755451  55.784012     6.1076    21.6849    28.5255    34.2852    6.41112    6.39448 0.0000e+00
       9193 221.899002      1.177      1.210          1    28.5268  55.754391  55.781940     6.1073    21.6834    28.5265    34.2837    6.41107    6.39443 0.0000e+00
       9194 221.899002      1.230      1.214          1    28.5272  55.752796  55.780796     6.1098    21.6823    28.5269    34.2824    6.41108    6.39444 0.0000e+00
       9195 221.899002      1.230      1.219          1    28.5284  55.752029  55.780758     6.1098    21.6808    28.5281    34.2809    6.41100    6.39436 0.0000e+00
       9196 221.899002      1.199      1.222          1    28.5292  55.752434  55.780304     6.1095    21.6803    28.5289    34.2806    6.41093    6.39429 0.0000e+00
       9197 221.899002      1.230      1.226          1    28.5301  55.751972  55.778950     6.1095    21.6793    28.5298    34.2797    6.41087    6.39423 0.0000e+00
       9198 221.899002      1.230      1.230          1    28.5296  55.751011  55.777763     6.1068    21.6792    28.5293    34.2794    6.41093    6.39429 0.0000e+00
       9199 221.899002      1.230      1.233          1    28.5294  55.750587  55.775974     6.1093    21.6792    28.5291    34.2792    6.41096    6.39432 0.0000e+00
       9200 221.899002      1.260      1.236          1    28.5287  55.744057  55.775246     6.1093    21.6763    28.5285    34.2752    6.41117    6.39453 0.0000e+00
       9201 221.899002      1.230      1.238          1    28.5292  55.733250  55.774265     6.1119    21.6703    28.5289    34.2674    6.41140    6.39476 0.0000e+00
       9202 221.899002      1.230      1.240          1    28.5295  55.739464  55.774193     6.1146    21.6733    28.5292    34.2714    6.41122    6.39458 0.0000e+00
       9203 221.899002      1.290      1.241          1    28.5303  55.746620  55.775173     6.1145    21.6763    28.5300    34.2758    6.41098    6.39435 0.0000e+00
       9204 221.899017      1.230      1.242          1    28.5331  55.748917  55.776264     6.1170    21.6751    28.5328    34.2754    6.41071    6.39407 0.0000e+00
       9205 221.899017      1.260      1.241          1    28.5345  55.749512  55.777767     6.1144    21.6741    28.5342    34.2748    6.41058    6.39394 0.0000e+00
       9206 221.899017      1.230      1.240          1    28.5340  55.749607  55.779202     6.1171    21.6746    28.5338    34.2752    6.41062    6.39398 0.0000e+00
       9207 221.899017      1.230      1.239          1    28.5338  55.749607  55.780666     6.1173    21.6749    28.5335    34.2754    6.41064    6.39400 0.0000e+00
       9208 221.899017      1.290      1.237          1    28.5337  55.749607  55.781834     6.1224    21.6750    28.5334    34.2755    6.41065    6.39401 0.0000e+00
       9209 221.899017      1.177      1.235          1    28.5334  55.750881  55.782433     6.1246    21.6758    28.5331    34.2765    6.41063    6.39400 0.0000e+00
       9210 221.899017      1.260      1.232          1    28.5309  55.751762  55.782433     6.1245    21.6785    28.5306    34.2790    6.41081    6.39418 0.0000e+00
       9211 221.899017      1.230      1.230          1    28.5286  55.753189  55.782055     6.1268    21.6812    28.5283    34.2816    6.41095    6.39431 0.0000e+00
       9212 221.899017      1.177      1.227          1    28.5271  55.754589  55.781830     6.1293    21.6833    28.5268    34.2836    6.41104    6.39440 0.0000e+00
       9213 221.899017      1.290      1.225          1    28.5247  55.756649  55.781055     6.1291    21.6864    28.5244    34.2868    6.41118    6.39454 0.0000e+00
       9214 221.899017      1.199      1.221          1    28.5221  55.759071  55.778721     6.1317    21.6899    28.5218    34.2903    6.41132    6.39468 0.0000e+00
       9215 221.899017      1.230      1.217          1    28.5193  55.760086  55.776104     6.1316    21.6929    28.5190    34.2931    6.41151    6.39487 0.0000e+00
       9216 221.899017      1.177      1.213          1    28.5167  55.760220  55.771904     6.1342    21.6952    28.5165    34.2950    6.41171    6.39507 0.0000e+00
       9217 221.899017      1.230      1.209          1    28.5158  55.759930  55.767162     6.1342    21.6959    28.5155    34.2955    6.41180    6.39515 0.0000e+00
       9218 221.899017      1.177      1.205          1    28.5156  55.759258  55.762478     6.1341    21.6957    28.5153    34.2952    6.41183    6.39518 0.0000e+00
       9219 221.899017      1.199      1.201          1    28.5160  55.758083  55.757587     6.1367    21.6948    28.5157    34.2941    6.41183    6.39518 0.0000e+00
       9220 221.899017      1.230      1.197          1    28.5165  55.757240  55.753353     6.1419    21.6939    28.5163    34.2931    6.41180    6.39516 0.0000e+00
       9221 221.899017      1.177      1.192          1    28.5173  55.756721  55.751175     6.1392    21.6929    28.5170    34.2922    6.41176    6.39511 0.0000e+00
       9222 221.899017      1.177      1.187          1    28.5177  55.756260  55.749031     6.1391    21.6924    28.5174    34.2916    6.41174    6.39510 0.0000e+00
       9223 221.899017      1.199      1.182          1    28.5182  55.756607  55.747150     6.1417    21.6921    28.5179    34.2915    6.41169    6.39504 0.0000e+00
       9224 221.899017      1.177      1.177          1    28.5177  55.757973  55.745983     6.1391    21.6933    28.5174    34.2928    6.41170    6.39505 0.0000e+00
       9225 221.899017      1.123      1.171          1    28.5177  55.758720  55.746307     6.1365    21.6937    28.5174    34.2933    6.41168    6.39504 0.0000e+00
       9226 221.899017      1.177      1.166          1    28.5163  55.759357  55.748306     6.1391    21.6951    28.5161    34.2947    6.41177    6.39512 0.0000e+00
       9227 221.899017      1.176      1.161          1    28.5147  55.759472  55.750713     6.1391    21.6967    28.5144    34.2960    6.41189    6.39525 0.0000e+00
       9228 221.899017      1.146      1.155          1    28.5138  55.759567  55.752045     6.1392    21.6975    28.5135    34.2968    6.41196    6.39532 0.0000e+00
       9229 221.899017      1.123      1.149          1    28.5134  55.758392  55.752121     6.1367    21.6972    28.5131    34.2962    6.41202    6.39538 0.0000e+00
       9230 221.899017      1.123      1.144          1    28.5136  55.757584  55.752232     6.1393    21.6966    28.5133    34.2955    6.41203    6.39539 0.0000e+00
       9231 221.899017      1.176      1.139          1    28.5156  55.756409  55.751324     6.1419    21.6942    28.5154    34.2932    6.41189    6.39525 0.0000e+00
       9232 221.899017      1.123      1.133          1    28.5182  55.755199  55.751179     6.1393    21.6913    28.5180    34.2905    6.41172    6.39508 0.0000e+00
       9233 221.899017      1.093      1.127          1    28.5212  55.754219  55.754517     6.1392    21.6882    28.5209    34.2877    6.41151    6.39487 0.0000e+00
       9234 221.899017      1.123      1.122          1    28.5225  55.754047  55.761314     6.1418    21.6870    28.5222    34.2866    6.41141    6.39477 0.0000e+00
       9235 221.899017      1.176      1.116          1    28.5241  55.754704  55.767612     6.1418    21.6859    28.5239    34.2859    6.41127    6.39463 0.0000e+00
       9236 221.899033      1.063      1.108          1    28.5253  55.757687  55.769691     6.1417    21.6865    28.5250    34.2871    6.41110    6.39446 0.0000e+00
       9237 221.899033      1.093      1.101          1    28.5260  55.762302  55.770634     6.1391    21.6883    28.5257    34.2898    6.41093    6.39430 0.0000e+00
       9238 221.899033      1.063      1.095          1    28.5246  55.766300  55.772690     6.1390    21.6916    28.5243    34.2936    6.41095    6.39431 0.0000e+00
       9239 221.899033      1.063      1.090          1    28.5203  55.768372  55.776909     6.1416    21.6964    28.5200    34.2982    6.41123    6.39460 0.0000e+00
       9240 221.899033      1.123      1.085          1    28.5160  55.768467  55.782745     6.1442    21.7002    28.5157    34.3013    6.41157    6.39493 0.0000e+00
       9241 221.899033      1.063      1.079          1    28.5136  55.769699  55.788124     6.1441    21.7030    28.5133    34.3039    6.41173    6.39509 0.0000e+00
       9242 221.899033      1.093      1.073          1    28.5138  55.772739  55.793865     6.1441    21.7044    28.5135    34.3059    6.41164    6.39500 0.0000e+00
       9243 221.899033      1.010      1.066          1    28.5116  55.774525  55.799698     6.1442    21.7072    28.5113    34.3087    6.41177    6.39512 0.0000e+00
       9244 221.899033      1.063      1.061          1    28.5085  55.774944  55.803741     6.1440    21.7101    28.5083    34.3112    6.41199    6.39535 0.0000e+00
       9245 221.899033      1.063      1.056          1    28.5071  55.775330  55.804825     6.1467    21.7116    28.5068    34.3125    6.41210    6.39546 0.0000e+00
       9246 221.899033      1.032      1.050          1    28.5058  55.774925  55.803772     6.1439    21.7124    28.5056    34.3132    6.41221    6.39556 0.0000e+00
       9247 221.899033      1.010      1.045          1    28.5048  55.774292  55.802322     6.1440    21.7130    28.5046    34.3134    6.41230    6.39566 0.0000e+00
       9248 221.899033      1.063      1.041          1    28.5052  55.773792  55.800892     6.1388    21.7124    28.5049    34.3128    6.41229    6.39564 0.0000e+00
       9249 221.899033      1.010      1.036          1    28.5056  55.774139  55.799519     6.1388    21.7122    28.5054    34.3128    6.41224    6.39560 0.0000e+00
       9250 221.899033      1.010      1.032          1    28.5056  55.773483  55.798332     6.1389    21.7119    28.5053    34.3123    6.41226    6.39562 0.0000e+00
       9251 221.899033      1.032      1.029          1    28.5046  55.772579  55.797432     6.1388    21.7123    28.5044    34.3124    6.41236    6.39571 0.0000e+00
       9252 221.899033      1.010      1.025          1    28.5043  55.771442  55.795528     6.1388    21.7120    28.5040    34.3119    6.41242    6.39577 0.0000e+00
       9253 221.899033      1.010      1.022          1    28.5043  55.770618  55.794117     6.1388    21.7115    28.5041    34.3113    6.41243    6.39579 0.0000e+00
