translate/ONIV_026T.cnv
* Sea-Bird SBE 9 Data File:
* FileName = D:\COMISSOES\2009\OCEANO_NORTE_IV\Bruto\ONIV_026.dat
* Software Version Seasave Win32 V 5.37d
* Temperature SN = 2326
* Conductivity SN = 2002
* Number of Bytes Per Scan = 21
* Number of Voltage Words = 1
* Number of Scans Averaged by the Deck Unit = 1
* NMEA Latitude = 02 52.24 N
* NMEA Longitude = 048 02.39 W
* NMEA UTC (Time) = 05:08:54
** H40
** NOc ANTARES
** 204
** OCEANO N IV
**   026
**   02 52.08 N
**   048 02.39 W
**   28/07/2009 05:01
**   164
** 9P46375-0881
**   1T JORGE LUIZ
# nquan = 15                                
# nvalues = 11935                       
# units = specified
# name 0 = scan: Scan Count
# name 1 = timeJ: Julian Days
# name 2 = depSM: Depth [salt water, m]
# name 3 = prDM: Pressure, Digiquartz [db]
# name 4 = pumps: Pump Status
# name 5 = t090C: Temperature [ITS-90, deg C]
# name 6 = c0mS/cm: Conductivity [mS/cm]
# name 7 = c1mS/cm: Conductivity, 2 [mS/cm]
# name 8 = sbeox0Mg/L: Oxygen, SBE 43 [mg/l]
# name 9 = sigma-é00: Density [sigma-theta, kg/m^3]
# name 10 = potemp090C: Potential Temperature [ITS-90, deg C]
# name 11 = sal00: Salinity, Practical [PSU]
# name 12 = oxsolMg/L: Oxygen Saturation, Garcia & Gordon [mg/l]
# name 13 = oxsatMg/L: Oxygen Saturation, Weiss [mg/l]
# name 14 = flag: flag
# span 0 =          1,      11935       
# span 1 = 209.212357, 209.218109       
# span 2 =     -1.516,    149.582       
# span 3 =     -1.398,    150.389       
# span 4 =          1,          1       
# span 5 =    11.6860,    28.5966       
# span 6 =  39.849449,  56.902618       
# span 7 =  39.846359,  56.894455       
# span 8 =     4.6598,     6.1103       
# span 9 =    19.6130,    26.8046       
# span 10 =    11.6668,    28.5957      
# span 11 =    31.5470,    36.3032      
# span 12 =    6.40665,    8.70040      
# span 13 =    6.39005,    8.70084      
# span 14 = 0.0000e+00, 0.0000e+00      
# interval = seconds: 0.0416667
# start_time = Jul 28 2009 05:05:48 [System UpLoad Time]
# bad_flag = -9.990e-29
*END*
[from data line 10699]
      10700 209.217514     13.617     13.648          1    27.6683  56.433537  56.422466     6.0458    22.7966    27.6651    35.3892    6.46164    6.44488 0.0000e+00
      10701 209.217514     13.503     13.615          1    27.6689  56.431740  56.419853     6.0458    22.7951    27.6657    35.3876    6.46165    6.44488 0.0000e+00
      10702 209.217529     13.450     13.582          1    27.6699  56.429478  56.413906     6.0483    22.7930    27.6668    35.3851    6.46162    6.44485 0.0000e+00
      10703 209.217529     13.503     13.550          1    27.6716  56.425587  56.406002     6.0509    22.7894    27.6684    35.3812    6.46159    6.44482 0.0000e+00
      10704 209.217529     13.336     13.520          1    27.6734  56.421185  56.398781     6.0509    22.7854    27.6703    35.3767    6.46155    6.44479 0.0000e+00
      10705 209.217529     13.389     13.492          1    27.6755  56.414513  56.393661     6.0509    22.7801    27.6724    35.3704    6.46156    6.44480 0.0000e+00
      10706 209.217529     13.450     13.465          1    27.6781  56.410057  56.391113     6.0482    22.7754    27.6749    35.3653    6.46147    6.44471 0.0000e+00
      10707 209.217529     13.336     13.437          1    27.6810  56.410473  56.390076     6.0509    22.7730    27.6779    35.3634    6.46123    6.44447 0.0000e+00
      10708 209.217529     13.275     13.410          1    27.6844  56.413799  56.389832     6.0509    22.7718    27.6812    35.3632    6.46088    6.44412 0.0000e+00
      10709 209.217529     13.275     13.385          1    27.6842  56.417141  56.389870     6.0485    22.7737    27.6810    35.3657    6.46081    6.44405 0.0000e+00
      10710 209.217529     13.275     13.362          1    27.6829  56.417114  56.389832     6.0511    22.7748    27.6798    35.3667    6.46091    6.44415 0.0000e+00
      10711 209.217529     13.222     13.340          1    27.6810  56.412140  56.389301     6.0485    22.7739    27.6779    35.3646    6.46119    6.44442 0.0000e+00
      10712 209.217529     13.275     13.318          1    27.6810  56.403439  56.387428     6.0511    22.7693    27.6779    35.3585    6.46141    6.44464 0.0000e+00
      10713 209.217529     13.161     13.297          1    27.6825  56.396027  56.384647     6.0537    22.7640    27.6794    35.3521    6.46148    6.44471 0.0000e+00
      10714 209.217529     13.222     13.277          1    27.6870  56.392498  56.382210     6.0537    22.7582    27.6838    35.3463    6.46122    6.44446 0.0000e+00
      10715 209.217529     13.161     13.258          1    27.6919  56.391361  56.380680     6.0537    22.7531    27.6889    35.3417    6.46086    6.44409 0.0000e+00
      10716 209.217529     13.108     13.239          1    27.6947  56.390316  56.379566     6.0535    22.7501    27.6916    35.3389    6.46066    6.44390 0.0000e+00
      10717 209.217529     13.108     13.223          1    27.6962  56.388462  56.379700     6.0509    22.7478    27.6931    35.3365    6.46060    6.44383 0.0000e+00
      10718 209.217529     13.108     13.208          1    27.6975  56.386723  56.379204     6.0508    22.7457    27.6944    35.3343    6.46054    6.44377 0.0000e+00
      10719 209.217529     13.108     13.194          1    27.6990  56.385799  56.378544     6.0533    22.7439    27.6959    35.3325    6.46045    6.44368 0.0000e+00
      10720 209.217529     13.108     13.181          1    27.7005  56.385044  56.378056     6.0531    22.7422    27.6974    35.3309    6.46035    6.44358 0.0000e+00
      10721 209.217529     13.070     13.168          1    27.7012  56.384155  56.378792     6.0530    22.7410    27.6981    35.3297    6.46031    6.44355 0.0000e+00
      10722 209.217529     13.055     13.156          1    27.7021  56.383228  56.380268     6.0527    22.7397    27.6990    35.3283    6.46026    6.44350 0.0000e+00
      10723 209.217529     13.055     13.146          1    27.7032  56.382301  56.380150     6.0525    22.7382    27.7002    35.3268    6.46020    6.44343 0.0000e+00
      10724 209.217529     13.055     13.136          1    27.7045  56.382130  56.380207     6.0548    22.7370    27.7015    35.3257    6.46010    6.44334 0.0000e+00
      10725 209.217529     13.055     13.126          1    27.7055  56.384590  56.380455     6.0520    22.7375    27.7024    35.3268    6.45997    6.44320 0.0000e+00
      10726 209.217529     12.994     13.117          1    27.7062  56.392250  56.381023     6.0516    22.7409    27.7031    35.3316    6.45971    6.44295 0.0000e+00
      10727 209.217529     13.055     13.109          1    27.7060  56.404911  56.383236     6.0486    22.7478    27.7029    35.3407    6.45940    6.44264 0.0000e+00
      10728 209.217529     12.994     13.101          1    27.7015  56.412701  56.385109     6.0510    22.7559    27.6985    35.3496    6.45955    6.44279 0.0000e+00
      10729 209.217529     13.055     13.093          1    27.6912  56.413322  56.383968     6.0508    22.7655    27.6881    35.3578    6.46035    6.44359 0.0000e+00
      10730 209.217529     12.994     13.086          1    27.6858  56.411777  56.381699     6.0506    22.7695    27.6828    35.3608    6.46081    6.44405 0.0000e+00
      10731 209.217529     12.994     13.078          1    27.6860  56.410370  56.380432     6.0501    22.7685    27.6830    35.3596    6.46083    6.44407 0.0000e+00
      10732 209.217529     12.941     13.072          1    27.6858  56.408474  56.379807     6.0497    22.7677    27.6828    35.3585    6.46090    6.44414 0.0000e+00
      10733 209.217529     12.994     13.066          1    27.6851  56.407551  56.379902     6.0495    22.7679    27.6820    35.3584    6.46098    6.44422 0.0000e+00
      10734 209.217545     12.994     13.062          1    27.6860  56.408463  56.381062     6.0494    22.7675    27.6830    35.3583    6.46088    6.44412 0.0000e+00
      10735 209.217545     12.941     13.058          1    27.6868  56.409912  56.381817     6.0492    22.7676    27.6837    35.3588    6.46079    6.44403 0.0000e+00
      10736 209.217545     12.994     13.054          1    27.6864  56.411610  56.380127     6.0516    22.7689    27.6833    35.3603    6.46077    6.44401 0.0000e+00
      10737 209.217545     12.941     13.052          1    27.6858  56.412868  56.378105     6.0485    22.7700    27.6828    35.3616    6.46079    6.44402 0.0000e+00
      10738 209.217545     12.994     13.050          1    27.6849  56.413074  56.377411     6.0477    22.7710    27.6818    35.3624    6.46085    6.44409 0.0000e+00
      10739 209.217545     12.994     13.047          1    27.6840  56.412186  56.378639     6.0445    22.7713    27.6810    35.3625    6.46095    6.44418 0.0000e+00
      10740 209.217545     12.941     13.045          1    27.6832  56.408470  56.380211     6.0440    22.7700    27.6802    35.3604    6.46110    6.44434 0.0000e+00
      10741 209.217545     12.941     13.043          1    27.6836  56.403156  56.379845     6.0436    22.7669    27.6806    35.3564    6.46121    6.44444 0.0000e+00
      10742 209.217545     12.994     13.042          1    27.6858  56.400787  56.377098     6.0433    22.7636    27.6828    35.3530    6.46110    6.44433 0.0000e+00
      10743 209.217545     12.941     13.041          1    27.6905  56.400169  56.375423     6.0405    22.7591    27.6874    35.3491    6.46075    6.44398 0.0000e+00
      10744 209.217545     12.994     13.040          1    27.6930  56.397110  56.374802     6.0376    22.7552    27.6900    35.3450    6.46062    6.44386 0.0000e+00
      10745 209.217545     12.941     13.039          1    27.6932  56.394100  56.374798     6.0401    22.7534    27.6902    35.3427    6.46068    6.44392 0.0000e+00
      10746 209.217545     12.994     13.037          1    27.6975  56.391453  56.374210     6.0424    22.7483    27.6944    35.3377    6.46042    6.44365 0.0000e+00
      10747 209.217545     12.941     13.036          1    27.7001  56.388710  56.372868     6.0422    22.7445    27.6970    35.3338    6.46028    6.44352 0.0000e+00
      10748 209.217545     12.941     13.035          1    27.7027  56.388077  56.372551     6.0393    22.7418    27.6996    35.3314    6.46009    6.44333 0.0000e+00
      10749 209.217545     12.994     13.035          1    27.7049  56.390072  56.372681     6.0418    22.7409    27.7018    35.3311    6.45987    6.44311 0.0000e+00
      10750 209.217545     12.994     13.034          1    27.7064  56.393978  56.372379     6.0416    22.7417    27.7033    35.3327    6.45965    6.44289 0.0000e+00
      10751 209.217545     12.964     13.031          1    27.7052  56.396503  56.371983     6.0414    22.7440    27.7022    35.3354    6.45968    6.44291 0.0000e+00
      10752 209.217545     12.994     13.028          1    27.7021  56.396633  56.371719     6.0440    22.7469    27.6991    35.3378    6.45992    6.44316 0.0000e+00
      10753 209.217545     12.941     13.024          1    27.7001  56.396870  56.372002     6.0413    22.7488    27.6970    35.3395    6.46007    6.44331 0.0000e+00
      10754 209.217545     12.994     13.020          1    27.6990  56.400761  56.371944     6.0411    22.7519    27.6959    35.3431    6.46006    6.44330 0.0000e+00
      10755 209.217545     12.941     13.014          1    27.7005  56.400612  56.372002     6.0461    22.7505    27.6974    35.3419    6.45995    6.44319 0.0000e+00
      10756 209.217545     12.941     13.008          1    27.6979  56.395329  56.372150     6.0460    22.7500    27.6948    35.3401    6.46029    6.44352 0.0000e+00
      10757 209.217545     12.941     13.002          1    27.6965  56.390076  56.371735     6.0433    22.7484    27.6935    35.3374    6.46053    6.44376 0.0000e+00
      10758 209.217545     12.880     12.996          1    27.7005  56.387825  56.371304     6.0431    22.7437    27.6974    35.3329    6.46027    6.44351 0.0000e+00
      10759 209.217545     12.941     12.990          1    27.7043  56.387127  56.371262     6.0432    22.7399    27.7013    35.3295    6.45999    6.44322 0.0000e+00
      10760 209.217545     12.941     12.984          1    27.7078  56.385330  56.371227     6.0431    22.7358    27.7048    35.3256    6.45976    6.44299 0.0000e+00
      10761 209.217545     12.880     12.978          1    27.7091  56.383263  56.371037     6.0456    22.7335    27.7061    35.3231    6.45971    6.44295 0.0000e+00
      10762 209.217545     12.941     12.971          1    27.7110  56.381893  56.371151     6.0454    22.7311    27.7079    35.3208    6.45960    6.44283 0.0000e+00
      10763 209.217545     12.941     12.963          1    27.7128  56.381432  56.370636     6.0478    22.7293    27.7098    35.3190    6.45946    6.44270 0.0000e+00
      10764 209.217545     12.880     12.953          1    27.7143  56.380852  56.370621     6.0476    22.7276    27.7113    35.3175    6.45936    6.44260 0.0000e+00
      10765 209.217545     12.880     12.943          1    27.7150  56.380211  56.370678     6.0474    22.7266    27.7120    35.3165    6.45932    6.44256 0.0000e+00
      10766 209.217560     12.941     12.932          1    27.7154  56.379189  56.371017     6.0474    22.7257    27.7124    35.3155    6.45931    6.44255 0.0000e+00
      10767 209.217560     12.827     12.919          1    27.7165  56.378899  56.371017     6.0499    22.7246    27.7135    35.3145    6.45924    6.44247 0.0000e+00
      10768 209.217560     12.880     12.906          1    27.7178  56.379017  56.370754     6.0499    22.7235    27.7148    35.3136    6.45913    6.44237 0.0000e+00
      10769 209.217560     12.827     12.891          1    27.7184  56.378765  56.371017     6.0497    22.7229    27.7154    35.3130    6.45909    6.44233 0.0000e+00
      10770 209.217560     12.827     12.876          1    27.7193  56.379135  56.370617     6.0469    22.7223    27.7163    35.3126    6.45901    6.44225 0.0000e+00
      10771 209.217560     12.827     12.859          1    27.7197  56.379459  56.370907     6.0494    22.7221    27.7167    35.3125    6.45897    6.44221 0.0000e+00
      10772 209.217560     12.767     12.841          1    27.7200  56.379749  56.371510     6.0495    22.7219    27.7170    35.3125    6.45894    6.44218 0.0000e+00
      10773 209.217560     12.827     12.823          1    27.7212  56.380177  56.372967     6.0495    22.7212    27.7182    35.3119    6.45884    6.44208 0.0000e+00
      10774 209.217560     12.713     12.802          1    27.7217  56.380638  56.374420     6.0521    22.7210    27.7187    35.3119    6.45879    6.44202 0.0000e+00
      10775 209.217560     12.767     12.781          1    27.7215  56.381626  56.375385     6.0520    22.7216    27.7185    35.3127    6.45877    6.44201 0.0000e+00
      10776 209.217560     12.713     12.759          1    27.7213  56.383247  56.376328     6.0518    22.7227    27.7183    35.3140    6.45875    6.44198 0.0000e+00
      10777 209.217560     12.713     12.734          1    27.7215  56.384563  56.376003     6.0517    22.7232    27.7185    35.3148    6.45870    6.44194 0.0000e+00
      10778 209.217560     12.660     12.708          1    27.7208  56.386070  56.376274     6.0541    22.7246    27.7178    35.3164    6.45871    6.44195 0.0000e+00
      10779 209.217560     12.660     12.681          1    27.7187  56.387051  56.378811     6.0568    22.7270    27.7158    35.3186    6.45885    6.44209 0.0000e+00
      10780 209.217560     12.547     12.653          1    27.7173  56.386543  56.380337     6.0567    22.7281    27.7143    35.3194    6.45898    6.44222 0.0000e+00
      10781 209.217560     12.600     12.624          1    27.7150  56.384224  56.377338     6.0540    22.7288    27.7121    35.3195    6.45921    6.44245 0.0000e+00
      10782 209.217560     12.547     12.594          1    27.7137  56.381908  56.371609     6.0567    22.7287    27.7108    35.3188    6.45937    6.44261 0.0000e+00
      10783 209.217560     12.486     12.564          1    27.7140  56.380730  56.366661     6.0543    22.7279    27.7110    35.3178    6.45939    6.44263 0.0000e+00
      10784 209.217560     12.486     12.533          1    27.7150  56.378605  56.363659     6.0596    22.7258    27.7121    35.3155    6.45936    6.44259 0.0000e+00
      10785 209.217560     12.456     12.502          1    27.7149  56.374718  56.365143     6.0595    22.7239    27.7120    35.3129    6.45947    6.44270 0.0000e+00
      10786 209.217560     12.433     12.470          1    27.7152  56.370682  56.370159     6.0593    22.7215    27.7123    35.3098    6.45954    6.44278 0.0000e+00
      10787 209.217560     12.433     12.436          1    27.7177  56.367672  56.373573     6.0595    22.7177    27.7147    35.3059    6.45943    6.44266 0.0000e+00
      10788 209.217560     12.319     12.400          1    27.7199  56.365780  56.372013     6.0647    22.7147    27.7170    35.3029    6.45930    6.44254 0.0000e+00
      10789 209.217560     12.319     12.363          1    27.7217  56.364334  56.367928     6.0645    22.7123    27.7188    35.3005    6.45919    6.44243 0.0000e+00
      10790 209.217560     12.266     12.327          1    27.7228  56.363232  56.363239     6.0593    22.7108    27.7199    35.2989    6.45914    6.44237 0.0000e+00
      10791 209.217560     12.319     12.288          1    27.7249  56.361763  56.361034     6.0593    22.7082    27.7220    35.2963    6.45901    6.44225 0.0000e+00
      10792 209.217560     12.205     12.247          1    27.7268  56.360718  56.360413     6.0599    22.7059    27.7240    35.2941    6.45888    6.44212 0.0000e+00
      10793 209.217560     12.152     12.204          1    27.7287  56.359928  56.359859     6.0633    22.7038    27.7259    35.2921    6.45875    6.44199 0.0000e+00
      10794 209.217560     12.091     12.161          1    27.7324  56.359562  56.359142     6.0613    22.7003    27.7296    35.2891    6.45847    6.44171 0.0000e+00
      10795 209.217560     12.091     12.117          1    27.7359  56.359211  56.358727     6.0589    22.6970    27.7331    35.2862    6.45820    6.44144 0.0000e+00
