translate/ONIV_005T.cnv
* Sea-Bird SBE 9 Data File:
* FileName = D:\COMISSOES\2009\OCEANO_NORTE_IV\Bruto\ONIV_005.dat
* Software Version Seasave Win32 V 5.37d
* Temperature SN = 2896
* Conductivity SN = 1499
* Number of Bytes Per Scan = 21
* Number of Voltage Words = 1
* Number of Scans Averaged by the Deck Unit = 1
* NMEA Latitude = 03 02.42 N
* NMEA Longitude = 048 39.93 W
* NMEA UTC (Time) = 23:28:27
** H40
** NOc ANTARES
** 204
** OCEANO N IV
**    005
**   03 02.25 N
**   048 39.88 W
**   25/07/2009 23:22
**   84
** 9P46375-0881
**   1T TANGARI
# nquan = 15                                
# nvalues = 10548                       
# units = specified
# name 0 = scan: Scan Count
# name 1 = timeJ: Julian Days
# name 2 = depSM: Depth [salt water, m]
# name 3 = prDM: Pressure, Digiquartz [db]
# name 4 = pumps: Pump Status
# name 5 = t090C: Temperature [ITS-90, deg C]
# name 6 = c0mS/cm: Conductivity [mS/cm]
# name 7 = c1mS/cm: Conductivity, 2 [mS/cm]
# name 8 = sbeox0Mg/L: Oxygen, SBE 43 [mg/l]
# name 9 = sigma-é00: Density [sigma-theta, kg/m^3]
# name 10 = potemp090C: Potential Temperature [ITS-90, deg C]
# name 11 = sal00: Salinity, Practical [PSU]
# name 12 = oxsolMg/L: Oxygen Saturation, Garcia & Gordon [mg/l]
# name 13 = oxsatMg/L: Oxygen Saturation, Weiss [mg/l]
# name 14 = flag: flag
# span 0 =          1,      10548       
# span 1 = 206.976013, 206.981094       
# span 2 =     -0.953,     70.849       
# span 3 =     -0.823,     71.167       
# span 4 =          1,          1       
# span 5 =    26.4918,    27.8596       
# span 6 =  56.182270,  57.213493       
# span 7 =  56.138206,  57.225021       
# span 8 =     0.1748,     5.8808       
# span 9 =    22.9428,    23.9785       
# span 10 =    26.4759,    27.8595      
# span 11 =    35.6660,    36.4511      
# span 12 =    6.42845,    6.56038      
# span 13 =    6.41183,    6.54351      
# span 14 = 0.0000e+00, 0.0000e+00      
# interval = seconds: 0.0416667
# start_time = Jul 25 2009 23:25:27 [System UpLoad Time]
# bad_flag = -9.990e-29
*END*
[from data line 6844]
       6845 206.979309     41.537     41.792          1    27.3366  56.804249  56.857735     4.3472    23.2881    27.3269    35.8966    6.47850    6.46174 0.0000e+00
       6846 206.979309     41.537     41.774          1    27.3361  56.804169  56.857750     4.3446    23.2886    27.3264    35.8970    6.47854    6.46179 0.0000e+00
       6847 206.979309     41.537     41.756          1    27.3355  56.804249  56.857197     4.3420    23.2891    27.3258    35.8975    6.47859    6.46183 0.0000e+00
       6848 206.979309     41.484     41.738          1    27.3346  56.804390  56.856552     4.3394    23.2901    27.3249    35.8983    6.47866    6.46190 0.0000e+00
       6849 206.979309     41.484     41.720          1    27.3341  56.804195  56.856350     4.3367    23.2904    27.3244    35.8985    6.47870    6.46194 0.0000e+00
       6850 206.979309     41.423     41.703          1    27.3337  56.804543  56.856556     4.3367    23.2910    27.3240    35.8992    6.47872    6.46197 0.0000e+00
       6851 206.979309     41.484     41.686          1    27.3337  56.804356  56.856232     4.3341    23.2909    27.3240    35.8990    6.47873    6.46197 0.0000e+00
       6852 206.979309     41.423     41.670          1    27.3340  56.803787  56.856213     4.3340    23.2903    27.3243    35.8984    6.47872    6.46196 0.0000e+00
       6853 206.979309     41.370     41.653          1    27.3362  56.803375  56.856537     4.3340    23.2881    27.3265    35.8964    6.47855    6.46180 0.0000e+00
       6854 206.979309     41.370     41.639          1    27.3368  56.803680  56.856972     4.3313    23.2877    27.3272    35.8961    6.47850    6.46174 0.0000e+00
       6855 206.979309     41.423     41.625          1    27.3362  56.803974  56.857029     4.3314    23.2884    27.3266    35.8968    6.47853    6.46178 0.0000e+00
       6856 206.979309     41.310     41.612          1    27.3355  56.803734  56.856842     4.3287    23.2889    27.3259    35.8972    6.47860    6.46184 0.0000e+00
       6857 206.979309     41.370     41.600          1    27.3338  56.803375  56.857124     4.3286    23.2903    27.3241    35.8983    6.47874    6.46199 0.0000e+00
       6858 206.979309     41.317     41.590          1    27.3325  56.802959  56.857010     4.3286    23.2912    27.3229    35.8989    6.47885    6.46210 0.0000e+00
       6859 206.979309     41.370     41.579          1    27.3316  56.803246  56.857048     4.3282    23.2922    27.3219    35.8999    6.47892    6.46216 0.0000e+00
       6860 206.979309     41.317     41.569          1    27.3299  56.802555  56.857544     4.3280    23.2934    27.3202    35.9007    6.47907    6.46231 0.0000e+00
       6861 206.979309     41.256     41.560          1    27.3289  56.802219  56.857468     4.3280    23.2941    27.3193    35.9012    6.47916    6.46240 0.0000e+00
       6862 206.979309     41.370     41.552          1    27.3276  56.802032  56.857792     4.3280    23.2951    27.3180    35.9021    6.47926    6.46250 0.0000e+00
       6863 206.979309     41.256     41.544          1    27.3265  56.802143  56.857922     4.3253    23.2962    27.3168    35.9030    6.47935    6.46259 0.0000e+00
       6864 206.979309     41.317     41.537          1    27.3261  56.802296  56.857750     4.3254    23.2966    27.3165    35.9034    6.47937    6.46262 0.0000e+00
       6865 206.979324     41.310     41.530          1    27.3252  56.801804  56.857693     4.3254    23.2972    27.3155    35.9038    6.47946    6.46270 0.0000e+00
       6866 206.979324     41.256     41.522          1    27.3253  56.801270  56.858032     4.3225    23.2968    27.3157    35.9033    6.47946    6.46270 0.0000e+00
       6867 206.979324     41.256     41.516          1    27.3252  56.801285  56.858150     4.3222    23.2969    27.3155    35.9034    6.47947    6.46272 0.0000e+00
       6868 206.979324     41.256     41.511          1    27.3252  56.800442  56.858433     4.3221    23.2965    27.3155    35.9028    6.47950    6.46274 0.0000e+00
       6869 206.979324     41.317     41.506          1    27.3263  56.800049  56.858643     4.3216    23.2952    27.3167    35.9017    6.47942    6.46266 0.0000e+00
       6870 206.979324     41.256     41.501          1    27.3284  56.800377  56.858906     4.3181    23.2935    27.3188    35.9003    6.47924    6.46249 0.0000e+00
       6871 206.979324     41.256     41.495          1    27.3313  56.799870  56.859097     4.3146    23.2906    27.3217    35.8977    6.47903    6.46227 0.0000e+00
       6872 206.979324     41.203     41.490          1    27.3333  56.799633  56.858620     4.3143    23.2887    27.3236    35.8960    6.47888    6.46212 0.0000e+00
       6873 206.979324     41.256     41.487          1    27.3349  56.799488  56.858509     4.3139    23.2872    27.3253    35.8946    6.47875    6.46199 0.0000e+00
       6874 206.979324     41.256     41.484          1    27.3365  56.799580  56.858868     4.3112    23.2858    27.3268    35.8935    6.47863    6.46187 0.0000e+00
       6875 206.979324     41.256     41.481          1    27.3370  56.799229  56.858582     4.3112    23.2852    27.3273    35.8929    6.47860    6.46184 0.0000e+00
       6876 206.979324     41.203     41.478          1    27.3374  56.798965  56.858791     4.3112    23.2847    27.3278    35.8924    6.47857    6.46181 0.0000e+00
       6877 206.979324     41.256     41.475          1    27.3379  56.798431  56.858849     4.3060    23.2839    27.3283    35.8916    6.47854    6.46179 0.0000e+00
       6878 206.979324     41.203     41.473          1    27.3378  56.798073  56.858944     4.3085    23.2838    27.3281    35.8914    6.47857    6.46181 0.0000e+00
       6879 206.979324     41.256     41.472          1    27.3371  56.798267  56.859322     4.3085    23.2845    27.3275    35.8921    6.47861    6.46185 0.0000e+00
       6880 206.979324     41.256     41.471          1    27.3366  56.797733  56.858810     4.3137    23.2847    27.3270    35.8921    6.47866    6.46191 0.0000e+00
       6881 206.979324     41.203     41.469          1    27.3361  56.797527  56.858261     4.3136    23.2851    27.3265    35.8924    6.47871    6.46196 0.0000e+00
       6882 206.979324     41.256     41.467          1    27.3359  56.797363  56.858147     4.3188    23.2851    27.3263    35.8924    6.47873    6.46197 0.0000e+00
       6883 206.979324     41.256     41.466          1    27.3360  56.797211  56.857979     4.3267    23.2850    27.3264    35.8922    6.47872    6.46197 0.0000e+00
       6884 206.979324     41.203     41.463          1    27.3355  56.797176  56.857750     4.3398    23.2854    27.3259    35.8925    6.47877    6.46201 0.0000e+00
       6885 206.979324     41.203     41.462          1    27.3351  56.796719  56.857922     4.3555    23.2855    27.3255    35.8925    6.47881    6.46205 0.0000e+00
       6886 206.979324     41.203     41.461          1    27.3338  56.796173  56.857655     4.3764    23.2864    27.3242    35.8931    6.47893    6.46217 0.0000e+00
       6887 206.979324     41.203     41.462          1    27.3338  56.795486  56.857315     4.4025    23.2861    27.3242    35.8927    6.47895    6.46219 0.0000e+00
       6888 206.979324     41.256     41.463          1    27.3333  56.795830  56.856953     4.4288    23.2867    27.3237    35.8933    6.47898    6.46222 0.0000e+00
       6889 206.979324     41.256     41.464          1    27.3310  56.796032  56.856575     4.4575    23.2888    27.3214    35.8952    6.47915    6.46239 0.0000e+00
       6890 206.979324     41.203     41.464          1    27.3295  56.795979  56.856594     4.4917    23.2902    27.3199    35.8963    6.47927    6.46251 0.0000e+00
       6891 206.979324     41.256     41.464          1    27.3304  56.795696  56.856747     4.5309    23.2892    27.3208    35.8954    6.47921    6.46245 0.0000e+00
       6892 206.979324     41.256     41.464          1    27.3317  56.795738  56.856556     4.5676    23.2880    27.3221    35.8944    6.47910    6.46234 0.0000e+00
       6893 206.979324     41.256     41.462          1    27.3329  56.795650  56.856594     4.6042    23.2869    27.3233    35.8935    6.47901    6.46225 0.0000e+00
       6894 206.979324     41.256     41.460          1    27.3346  56.795280  56.856518     4.6487    23.2852    27.3250    35.8919    6.47889    6.46213 0.0000e+00
       6895 206.979324     41.256     41.456          1    27.3366  56.794613  56.856880     4.6906    23.2830    27.3270    35.8899    6.47875    6.46199 0.0000e+00
       6896 206.979340     41.203     41.451          1    27.3388  56.794758  56.856895     4.7351    23.2811    27.3292    35.8883    6.47857    6.46181 0.0000e+00
       6897 206.979340     41.256     41.446          1    27.3406  56.794273  56.857143     4.7796    23.2793    27.3310    35.8866    6.47844    6.46169 0.0000e+00
       6898 206.979340     41.203     41.440          1    27.3413  56.794109  56.857010     4.8215    23.2785    27.3317    35.8859    6.47839    6.46163 0.0000e+00
       6899 206.979340     41.203     41.433          1    27.3409  56.794220  56.857048     4.8635    23.2790    27.3313    35.8863    6.47842    6.46166 0.0000e+00
       6900 206.979340     41.203     41.427          1    27.3408  56.794254  56.857029     4.9079    23.2791    27.3312    35.8864    6.47843    6.46167 0.0000e+00
       6901 206.979340     41.256     41.419          1    27.3404  56.794449  56.856609     4.9499    23.2795    27.3308    35.8869    6.47845    6.46169 0.0000e+00
       6902 206.979340     41.203     41.410          1    27.3398  56.793629  56.856594     4.9918    23.2796    27.3302    35.8867    6.47852    6.46176 0.0000e+00
       6903 206.979340     41.143     41.400          1    27.3394  56.793274  56.857090     5.0285    23.2798    27.3298    35.8868    6.47856    6.46180 0.0000e+00
       6904 206.979340     41.203     41.389          1    27.3368  56.793579  56.857010     5.0678    23.2823    27.3272    35.8890    6.47875    6.46200 0.0000e+00
       6905 206.979340     41.203     41.377          1    27.3337  56.793064  56.856819     5.1045    23.2849    27.3241    35.8911    6.47902    6.46226 0.0000e+00
       6906 206.979340     41.089     41.364          1    27.3297  56.792137  56.856838     5.1386    23.2879    27.3201    35.8935    6.47935    6.46259 0.0000e+00
       6907 206.979340     41.203     41.350          1    27.3270  56.792229  56.856800     5.1726    23.2904    27.3174    35.8956    6.47956    6.46280 0.0000e+00
       6908 206.979340     41.089     41.335          1    27.3242  56.791977  56.857010     5.2041    23.2928    27.3146    35.8976    6.47979    6.46303 0.0000e+00
       6909 206.979340     41.143     41.318          1    27.3216  56.791233  56.857258     5.2329    23.2948    27.3120    35.8991    6.48001    6.46325 0.0000e+00
       6910 206.979340     41.089     41.301          1    27.3194  56.790897  56.857773     5.2616    23.2966    27.3098    35.9006    6.48020    6.46344 0.0000e+00
       6911 206.979340     41.089     41.281          1    27.3177  56.790855  56.857578     5.2905    23.2981    27.3081    35.9018    6.48033    6.46357 0.0000e+00
       6912 206.979340     41.089     41.260          1    27.3154  56.790363  56.857635     5.3167    23.2999    27.3058    35.9032    6.48052    6.46376 0.0000e+00
       6913 206.979340     41.029     41.237          1    27.3136  56.789776  56.857693     5.3402    23.3013    27.3040    35.9042    6.48068    6.46392 0.0000e+00
       6914 206.979340     41.029     41.213          1    27.3121  56.789799  56.857750     5.3613    23.3026    27.3025    35.9054    6.48080    6.46404 0.0000e+00
       6915 206.979340     40.976     41.187          1    27.3109  56.789951  56.857994     5.3821    23.3038    27.3014    35.9064    6.48089    6.46412 0.0000e+00
       6916 206.979340     40.976     41.159          1    27.3098  56.789490  56.858128     5.4032    23.3045    27.3003    35.9070    6.48098    6.46422 0.0000e+00
       6917 206.979340     40.915     41.130          1    27.3087  56.788933  56.858204     5.4189    23.3053    27.2991    35.9074    6.48109    6.46433 0.0000e+00
       6918 206.979340     40.862     41.100          1    27.3077  56.789658  56.858448     5.4371    23.3065    27.2982    35.9087    6.48114    6.46438 0.0000e+00
       6919 206.979340     40.915     41.070          1    27.3076  56.789314  56.858639     5.4529    23.3065    27.2980    35.9086    6.48116    6.46440 0.0000e+00
       6920 206.979340     40.809     41.038          1    27.3071  56.789501  56.858448     5.4686    23.3070    27.2975    35.9091    6.48120    6.46444 0.0000e+00
       6921 206.979340     40.748     41.005          1    27.3072  56.789894  56.858204     5.4817    23.3071    27.2977    35.9093    6.48118    6.46442 0.0000e+00
       6922 206.979340     40.748     40.973          1    27.3070  56.789719  56.858429     5.4921    23.3072    27.2975    35.9094    6.48120    6.46444 0.0000e+00
       6923 206.979340     40.748     40.940          1    27.3070  56.789566  56.858639     5.5027    23.3072    27.2975    35.9093    6.48120    6.46444 0.0000e+00
       6924 206.979340     40.695     40.907          1    27.3070  56.789742  56.858677     5.5105    23.3073    27.2975    35.9094    6.48120    6.46444 0.0000e+00
       6925 206.979340     40.695     40.872          1    27.3070  56.789215  56.858677     5.5211    23.3070    27.2975    35.9090    6.48121    6.46445 0.0000e+00
       6926 206.979340     40.581     40.836          1    27.3070  56.788990  56.858677     5.5262    23.3069    27.2975    35.9089    6.48122    6.46445 0.0000e+00
       6927 206.979340     40.634     40.799          1    27.3069  56.788845  56.858902     5.5314    23.3069    27.2974    35.9089    6.48123    6.46447 0.0000e+00
       6928 206.979355     40.520     40.762          1    27.3072  56.788242  56.858810     5.5394    23.3063    27.2977    35.9082    6.48122    6.46446 0.0000e+00
       6929 206.979355     40.520     40.724          1    27.3089  56.787895  56.858467     5.5420    23.3046    27.2994    35.9067    6.48109    6.46433 0.0000e+00
       6930 206.979355     40.581     40.684          1    27.3104  56.787579  56.858486     5.5446    23.3031    27.3009    35.9053    6.48099    6.46422 0.0000e+00
       6931 206.979355     40.353     40.641          1    27.3147  56.785488  56.858635     5.5472    23.2980    27.3053    35.9005    6.48070    6.46394 0.0000e+00
       6932 206.979355     40.353     40.599          1    27.3197  56.782497  56.858959     5.5472    23.2919    27.3103    35.8945    6.48038    6.46362 0.0000e+00
       6933 206.979355     40.414     40.557          1    27.3216  56.782650  56.859337     5.5472    23.2903    27.3122    35.8932    6.48023    6.46347 0.0000e+00
       6934 206.979355     40.293     40.514          1    27.3222  56.777866  56.859318     5.5472    23.2872    27.3128    35.8893    6.48030    6.46354 0.0000e+00
       6935 206.979355     40.239     40.469          1    27.3209  56.774384  56.859394     5.5446    23.2865    27.3115    35.8879    6.48050    6.46373 0.0000e+00
       6936 206.979355     40.186     40.424          1    27.3211  56.774281  56.859261     5.5393    23.2863    27.3117    35.8877    6.48049    6.46372 0.0000e+00
       6937 206.979355     40.239     40.379          1    27.3237  56.775558  56.859718     5.5368    23.2846    27.3143    35.8866    6.48025    6.46348 0.0000e+00
       6938 206.979355     40.126     40.332          1    27.3278  56.777927  56.860798     5.5315    23.2822    27.3184    35.8851    6.47986    6.46310 0.0000e+00
       6939 206.979355     40.012     40.284          1    27.3310  56.786591  56.861614     5.5290    23.2840    27.3217    35.8888    6.47938    6.46262 0.0000e+00
