translate/ONIV_008T.cnv
* Sea-Bird SBE 9 Data File:
* FileName = D:\COMISSOES\2009\OCEANO_NORTE_IV\Bruto\ONIV_008.dat
* Software Version Seasave Win32 V 5.37d
* Temperature SN = 2326
* Conductivity SN = 2002
* Number of Bytes Per Scan = 21
* Number of Voltage Words = 1
* Number of Scans Averaged by the Deck Unit = 1
* NMEA Latitude = 04 29.10 N
* NMEA Longitude = 050 11.66 W
* NMEA UTC (Time) = 20:49:25
** H40
** NOc ANTARES
** 204
** OCEANO N IV
**   008
**   04 29,08 N
**   050 11,64 W
**   06/08/2009 20:47
**   101
** 9P46375-0881
**   1T TANGARI
# nquan = 15                                
# nvalues = 8681                        
# units = specified
# name 0 = scan: Scan Count
# name 1 = timeJ: Julian Days
# name 2 = depSM: Depth [salt water, m]
# name 3 = prDM: Pressure, Digiquartz [db]
# name 4 = pumps: Pump Status
# name 5 = t090C: Temperature [ITS-90, deg C]
# name 6 = c0mS/cm: Conductivity [mS/cm]
# name 7 = c1mS/cm: Conductivity, 2 [mS/cm]
# name 8 = sbeox0Mg/L: Oxygen, SBE 43 [mg/l]
# name 9 = sigma-é00: Density [sigma-theta, kg/m^3]
# name 10 = potemp090C: Potential Temperature [ITS-90, deg C]
# name 11 = sal00: Salinity, Practical [PSU]
# name 12 = oxsolMg/L: Oxygen Saturation, Garcia & Gordon [mg/l]
# name 13 = oxsatMg/L: Oxygen Saturation, Weiss [mg/l]
# name 14 = flag: flag
# span 0 =          1,       8681       
# span 1 = 218.865311, 218.869492       
# span 2 =      0.388,     90.127       
# span 3 =      0.458,     90.570       
# span 4 =          1,          1       
# span 5 =    24.3353,    28.8421       
# span 6 =  45.257187,  56.913700       
# span 7 =  45.304607,  56.904572       
# span 8 =     4.7221,     6.4451       
# span 9 =    16.1545,    24.4883       
# span 10 =    24.3160,    28.8389      
# span 11 =    27.0089,    36.3272      
# span 12 =    6.43592,    6.80239      
# span 13 =    6.41914,    6.78578      
# span 14 = 0.0000e+00, 0.0000e+00      
# interval = seconds: 0.0416667
# start_time = Aug 06 2009 20:46:03 [System UpLoad Time]
# bad_flag = -9.990e-29
*END*
[from data line 3470]
       3471 218.866989     88.714     89.244          1    25.0727  54.713440  54.653366     5.3562    24.1828    25.0532    36.1347    6.71907    6.70227 0.0000e+00
       3472 218.866989     88.744     89.251          1    25.0713  54.712162  54.661190     5.3536    24.1834    25.0518    36.1349    6.71922    6.70242 0.0000e+00
       3473 218.866989     88.714     89.258          1    25.0697  54.710808  54.668346     5.3564    24.1841    25.0502    36.1352    6.71939    6.70260 0.0000e+00
       3474 218.866989     88.767     89.266          1    25.0683  54.708981  54.671619     5.3537    24.1843    25.0488    36.1349    6.71956    6.70276 0.0000e+00
       3475 218.866989     88.744     89.274          1    25.0670  54.706482  54.672997     5.3540    24.1841    25.0475    36.1341    6.71974    6.70294 0.0000e+00
       3476 218.866989     88.767     89.282          1    25.0637  54.703011  54.671761     5.3543    24.1851    25.0442    36.1341    6.72011    6.70332 0.0000e+00
       3477 218.866989     88.767     89.290          1    25.0602  54.698299  54.666660     5.3545    24.1856    25.0408    36.1334    6.72053    6.70374 0.0000e+00
       3478 218.866989     88.744     89.300          1    25.0555  54.694469  54.660427     5.3547    24.1878    25.0360    36.1343    6.72104    6.70425 0.0000e+00
       3479 218.866989     88.767     89.310          1    25.0497  54.692074  54.657810     5.3548    24.1917    25.0302    36.1372    6.72159    6.70480 0.0000e+00
       3480 218.866989     88.828     89.322          1    25.0454  54.689671  54.657963     5.3548    24.1943    25.0259    36.1389    6.72202    6.70523 0.0000e+00
       3481 218.866989     88.805     89.334          1    25.0427  54.686810  54.656727     5.3576    24.1951    25.0233    36.1388    6.72232    6.70553 0.0000e+00
       3482 218.866989     88.828     89.345          1    25.0407  54.683605  54.652954     5.3550    24.1951    25.0212    36.1380    6.72258    6.70579 0.0000e+00
       3483 218.866989     88.881     89.357          1    25.0376  54.681763  54.647659     5.3550    24.1970    25.0181    36.1392    6.72290    6.70611 0.0000e+00
       3484 218.866989     88.805     89.369          1    25.0347  54.679932  54.644028     5.3578    24.1985    25.0152    36.1401    6.72319    6.70640 0.0000e+00
       3485 218.866989     88.828     89.382          1    25.0330  54.675369  54.642220     5.3579    24.1975    25.0135    36.1381    6.72346    6.70667 0.0000e+00
       3486 218.866989     88.881     89.396          1    25.0314  54.670643  54.638111     5.3579    24.1963    25.0119    36.1358    6.72373    6.70694 0.0000e+00
       3487 218.866989     88.919     89.410          1    25.0256  54.666664  54.633396     5.3578    24.1993    25.0061    36.1375    6.72433    6.70754 0.0000e+00
       3488 218.866989     88.881     89.424          1    25.0207  54.663311  54.629219     5.3607    24.2019    25.0012    36.1389    6.72483    6.70805 0.0000e+00
       3489 218.866989     88.942     89.439          1    25.0161  54.660053  54.626144     5.3606    24.2042    24.9966    36.1402    6.72531    6.70852 0.0000e+00
       3490 218.866989     88.919     89.454          1    25.0120  54.656948  54.623890     5.3578    24.2062    24.9925    36.1411    6.72574    6.70895 0.0000e+00
       3491 218.866989     88.942     89.469          1    25.0081  54.653214  54.619839     5.3607    24.2077    24.9886    36.1415    6.72617    6.70939 0.0000e+00
       3492 218.866989     88.995     89.484          1    25.0049  54.649364  54.614578     5.3607    24.2084    24.9854    36.1412    6.72655    6.70977 0.0000e+00
       3493 218.866989     88.972     89.499          1    25.0009  54.645092  54.610424     5.3632    24.2096    24.9815    36.1411    6.72700    6.71022 0.0000e+00
       3494 218.867004     88.942     89.515          1    24.9979  54.642223  54.606361     5.3631    24.2108    24.9784    36.1414    6.72734    6.71056 0.0000e+00
       3495 218.867004     89.056     89.532          1    24.9939  54.642208  54.602409     5.3603    24.2144    24.9744    36.1446    6.72767    6.71089 0.0000e+00
       3496 218.867004     89.033     89.549          1    24.9907  54.642056  54.599823     5.3604    24.2172    24.9712    36.1470    6.72794    6.71116 0.0000e+00
       3497 218.867004     89.056     89.565          1    24.9901  54.640739  54.595360     5.3604    24.2170    24.9706    36.1466    6.72803    6.71125 0.0000e+00
       3498 218.867004     89.056     89.582          1    24.9897  54.639656  54.588516     5.3606    24.2168    24.9702    36.1461    6.72810    6.71132 0.0000e+00
       3499 218.867004     89.139     89.598          1    24.9873  54.638855  54.580349     5.3607    24.2185    24.9678    36.1474    6.72832    6.71154 0.0000e+00
       3500 218.867004     89.056     89.613          1    24.9862  54.637691  54.574951     5.3608    24.2188    24.9667    36.1474    6.72844    6.71166 0.0000e+00
       3501 218.867004     89.109     89.629          1    24.9853  54.634102  54.573807     5.3637    24.2176    24.9658    36.1454    6.72862    6.71184 0.0000e+00
       3502 218.867004     89.200     89.645          1    24.9846  54.629990  54.568012     5.3637    24.2159    24.9651    36.1429    6.72880    6.71202 0.0000e+00
       3503 218.867004     89.109     89.660          1    24.9810  54.626179  54.557590     5.3638    24.2171    24.9614    36.1430    6.72921    6.71243 0.0000e+00
       3504 218.867004     89.162     89.674          1    24.9769  54.621586  54.544186     5.3639    24.2182    24.9574    36.1428    6.72968    6.71290 0.0000e+00
       3505 218.867004     89.200     89.689          1    24.9735  54.615505  54.529144     5.3639    24.2179    24.9540    36.1410    6.73014    6.71336 0.0000e+00
       3506 218.867004     89.162     89.703          1    24.9684  54.609776  54.513905     5.3640    24.2193    24.9489    36.1408    6.73073    6.71395 0.0000e+00
       3507 218.867004     89.223     89.718          1    24.9618  54.604977  54.501564     5.3668    24.2225    24.9423    36.1424    6.73142    6.71464 0.0000e+00
       3508 218.867004     89.200     89.732          1    24.9559  54.600407  54.489098     5.3668    24.2253    24.9364    36.1438    6.73204    6.71526 0.0000e+00
       3509 218.867004     89.276     89.746          1    24.9514  54.593315  54.472473     5.3697    24.2254    24.9319    36.1421    6.73262    6.71584 0.0000e+00
       3510 218.867004     89.223     89.760          1    24.9472  54.573879  54.450676     5.3699    24.2183    24.9277    36.1309    6.73353    6.71675 0.0000e+00
       3511 218.867004     89.314     89.773          1    24.9418  54.548012  54.435318     5.3728    24.2086    24.9223    36.1160    6.73472    6.71795 0.0000e+00
       3512 218.867004     89.276     89.785          1    24.9276  54.534683  54.434830     5.3703    24.2140    24.9081    36.1174    6.73629    6.71952 0.0000e+00
       3513 218.867004     89.223     89.797          1    24.8996  54.537285  54.444458     5.3731    24.2410    24.8801    36.1418    6.73856    6.72180 0.0000e+00
       3514 218.867004     89.367     89.809          1    24.8852  54.543911  54.456917     5.3730    24.2578    24.8657    36.1582    6.73957    6.72281 0.0000e+00
       3515 218.867004     89.276     89.820          1    24.8854  54.547234  54.458897     5.3729    24.2595    24.8659    36.1606    6.73946    6.72270 0.0000e+00
       3516 218.867004     89.336     89.831          1    24.8904  54.544861  54.447140     5.3729    24.2536    24.8709    36.1548    6.73911    6.72235 0.0000e+00
       3517 218.867004     89.314     89.843          1    24.8918  54.536514  54.441822     5.3759    24.2477    24.8723    36.1475    6.73924    6.72248 0.0000e+00
       3518 218.867004     89.336     89.854          1    24.8878  54.519417  54.448029     5.3736    24.2416    24.8683    36.1379    6.74006    6.72330 0.0000e+00
       3519 218.867004     89.390     89.865          1    24.8782  54.491283  54.450466     5.3737    24.2345    24.8587    36.1245    6.74168    6.72491 0.0000e+00
       3520 218.867004     89.367     89.875          1    24.8643  54.470379  54.436371     5.3736    24.2353    24.8448    36.1200    6.74344    6.72668 0.0000e+00
       3521 218.867004     89.390     89.884          1    24.8353  54.465794  54.409912     5.3763    24.2591    24.8158    36.1399    6.74600    6.72925 0.0000e+00
       3522 218.867004     89.390     89.892          1    24.8174  54.455929  54.386047     5.3763    24.2698    24.7980    36.1468    6.74778    6.73104 0.0000e+00
       3523 218.867004     89.367     89.901          1    24.8130  54.431644  54.372375     5.3764    24.2602    24.7935    36.1322    6.74886    6.73211 0.0000e+00
       3524 218.867004     89.390     89.909          1    24.8063  54.414345  54.368729     5.3764    24.2564    24.7868    36.1246    6.74992    6.73317 0.0000e+00
       3525 218.867004     89.450     89.917          1    24.7754  54.410130  54.368305     5.3763    24.2821    24.7560    36.1462    6.75263    6.73589 0.0000e+00
       3526 218.867020     89.428     89.924          1    24.7606  54.408092  54.359478     5.3761    24.2945    24.7411    36.1567    6.75393    6.73720 0.0000e+00
       3527 218.867020     89.390     89.930          1    24.7564  54.398525  54.345387     5.3762    24.2929    24.7370    36.1528    6.75456    6.73783 0.0000e+00
       3528 218.867020     89.450     89.936          1    24.7560  54.384872  54.341698     5.3734    24.2855    24.7366    36.1429    6.75499    6.73826 0.0000e+00
       3529 218.867020     89.428     89.942          1    24.7458  54.372307  54.352554     5.3761    24.2877    24.7264    36.1417    6.75621    6.73948 0.0000e+00
       3530 218.867020     89.450     89.947          1    24.7335  54.360634  54.369347     5.3732    24.2923    24.7140    36.1429    6.75758    6.74086 0.0000e+00
       3531 218.867020     89.450     89.951          1    24.7215  54.349194  54.379688     5.3757    24.2968    24.7020    36.1440    6.75892    6.74220 0.0000e+00
       3532 218.867020     89.428     89.955          1    24.7118  54.340473  54.385696     5.3752    24.3006    24.6924    36.1452    6.75999    6.74327 0.0000e+00
       3533 218.867020     89.450     89.959          1    24.7007  54.334473  54.399006     5.3776    24.3073    24.6813    36.1496    6.76109    6.74438 0.0000e+00
       3534 218.867020     89.450     89.962          1    24.6925  54.330105  54.422222     5.3773    24.3123    24.6731    36.1529    6.76191    6.74519 0.0000e+00
       3535 218.867020     89.481     89.966          1    24.6865  54.330021  54.445095     5.3772    24.3177    24.6671    36.1577    6.76241    6.74570 0.0000e+00
       3536 218.867020     89.450     89.968          1    24.6807  54.327518  54.459953     5.3741    24.3216    24.6613    36.1605    6.76298    6.74627 0.0000e+00
       3537 218.867020     89.450     89.970          1    24.6804  54.319622  54.467201     5.3705    24.3174    24.6610    36.1548    6.76323    6.74652 0.0000e+00
       3538 218.867020     89.450     89.973          1    24.6790  54.312347  54.476410     5.3725    24.3146    24.6596    36.1505    6.76357    6.74685 0.0000e+00
       3539 218.867020     89.481     89.975          1    24.6711  54.307106  54.483700     5.3722    24.3188    24.6517    36.1529    6.76438    6.74767 0.0000e+00
       3540 218.867020     89.450     89.977          1    24.6644  54.303864  54.472477     5.3718    24.3230    24.6450    36.1558    6.76504    6.74833 0.0000e+00
       3541 218.867020     89.450     89.979          1    24.6595  54.301239  54.433704     5.3711    24.3260    24.6401    36.1578    6.76553    6.74882 0.0000e+00
       3542 218.867020     89.541     89.981          1    24.6557  54.300026  54.399128     5.3700    24.3288    24.6363    36.1600    6.76588    6.74918 0.0000e+00
       3543 218.867020     89.450     89.981          1    24.6530  54.299667  54.383255     5.3695    24.3311    24.6336    36.1619    6.76612    6.74942 0.0000e+00
       3544 218.867020     89.450     89.981          1    24.6508  54.297726  54.368397     5.3721    24.3320    24.6314    36.1622    6.76636    6.74966 0.0000e+00
       3545 218.867020     89.481     89.981          1    24.6510  54.294647  54.354206     5.3689    24.3301    24.6316    36.1598    6.76644    6.74973 0.0000e+00
       3546 218.867020     89.450     89.981          1    24.6495  54.291035  54.346088     5.3706    24.3294    24.6301    36.1582    6.76667    6.74996 0.0000e+00
       3547 218.867020     89.450     89.982          1    24.6466  54.288280  54.339600     5.3720    24.3304    24.6272    36.1585    6.76699    6.75029 0.0000e+00
       3548 218.867020     89.481     89.982          1    24.6435  54.286652  54.329525     5.3697    24.3323    24.6241    36.1597    6.76729    6.75059 0.0000e+00
       3549 218.867020     89.450     89.983          1    24.6400  54.285797  54.325619     5.3668    24.3350    24.6207    36.1619    6.76761    6.75091 0.0000e+00
       3550 218.867020     89.450     89.984          1    24.6384  54.285225  54.325699     5.3634    24.3362    24.6190    36.1628    6.76777    6.75107 0.0000e+00
       3551 218.867020     89.541     89.985          1    24.6377  54.284065  54.322544     5.3653    24.3361    24.6183    36.1625    6.76786    6.75116 0.0000e+00
       3552 218.867020     89.450     89.985          1    24.6372  54.282413  54.316029     5.3638    24.3357    24.6178    36.1617    6.76795    6.75126 0.0000e+00
       3553 218.867020     89.450     89.984          1    24.6361  54.282551  54.311050     5.3668    24.3368    24.6167    36.1627    6.76804    6.75134 0.0000e+00
       3554 218.867020     89.481     89.984          1    24.6350  54.282398  54.311676     5.3689    24.3377    24.6156    36.1634    6.76814    6.75144 0.0000e+00
       3555 218.867020     89.450     89.984          1    24.6344  54.281712  54.318386     5.3663    24.3378    24.6150    36.1633    6.76820    6.75151 0.0000e+00
       3556 218.867020     89.450     89.985          1    24.6346  54.280952  54.321648     5.3698    24.3372    24.6152    36.1626    6.76821    6.75151 0.0000e+00
       3557 218.867035     89.481     89.985          1    24.6338  54.280876  54.323112     5.3700    24.3379    24.6144    36.1632    6.76828    6.75158 0.0000e+00
       3558 218.867035     89.503     89.986          1    24.6332  54.280914  54.325424     5.3697    24.3385    24.6138    36.1638    6.76833    6.75164 0.0000e+00
       3559 218.867035     89.390     89.986          1    24.6332  54.281258  54.328365     5.3714    24.3387    24.6138    36.1640    6.76832    6.75163 0.0000e+00
       3560 218.867035     89.541     89.987          1    24.6335  54.281200  54.329456     5.3702    24.3383    24.6142    36.1637    6.76829    6.75160 0.0000e+00
       3561 218.867035     89.450     89.988          1    24.6343  54.280228  54.327442     5.3699    24.3371    24.6149    36.1624    6.76826    6.75156 0.0000e+00
       3562 218.867035     89.503     89.988          1    24.6344  54.280499  54.324276     5.3693    24.3371    24.6150    36.1624    6.76824    6.75154 0.0000e+00
       3563 218.867035     89.427     89.988          1    24.6330  54.282631  54.317028     5.3707    24.3396    24.6136    36.1652    6.76830    6.75160 0.0000e+00
       3564 218.867035     89.503     89.988          1    24.6332  54.285213  54.307636     5.3695    24.3409    24.6138    36.1670    6.76821    6.75151 0.0000e+00
       3565 218.867035     89.450     89.988          1    24.6352  54.285053  54.300926     5.3687    24.3390    24.6158    36.1652    6.76804    6.75135 0.0000e+00
       3566 218.867035     89.481     89.988          1    24.6367  54.283764  54.294640     5.3689    24.3369    24.6173    36.1630    6.76795    6.75125 0.0000e+00
