translate/ONIV_023T.cnv
* Sea-Bird SBE 9 Data File:
* FileName = D:\COMISSOES\2009\OCEANO_NORTE_IV\Bruto\ONIV_023.dat
* Software Version Seasave Win32 V 5.37d
* Temperature SN = 2326
* Conductivity SN = 2002
* Number of Bytes Per Scan = 21
* Number of Voltage Words = 1
* Number of Scans Averaged by the Deck Unit = 1
* NMEA Latitude = 03 52.93 N
* NMEA Longitude = 049 27.05 W
* NMEA UTC (Time) = 21:31:37
** H40
** NOc ANTARES
** 204
** OCEANO N IV
**   023
**   03 52.90 N
**   049 27.02 W
**   09/08/2009 21:30 Z
**   95
** 9P46375-0881
**   1T JUAREZ
# nquan = 15                                
# nvalues = 9380                        
# units = specified
# name 0 = scan: Scan Count
# name 1 = timeJ: Julian Days
# name 2 = depSM: Depth [salt water, m]
# name 3 = prDM: Pressure, Digiquartz [db]
# name 4 = pumps: Pump Status
# name 5 = t090C: Temperature [ITS-90, deg C]
# name 6 = c0mS/cm: Conductivity [mS/cm]
# name 7 = c1mS/cm: Conductivity, 2 [mS/cm]
# name 8 = sbeox0Mg/L: Oxygen, SBE 43 [mg/l]
# name 9 = sigma-é00: Density [sigma-theta, kg/m^3]
# name 10 = potemp090C: Potential Temperature [ITS-90, deg C]
# name 11 = sal00: Salinity, Practical [PSU]
# name 12 = oxsolMg/L: Oxygen Saturation, Garcia & Gordon [mg/l]
# name 13 = oxsatMg/L: Oxygen Saturation, Weiss [mg/l]
# name 14 = flag: flag
# span 0 =          1,       9380       
# span 1 = 221.894577, 221.899094       
# span 2 =     -0.176,     86.222       
# span 3 =     -0.101,     86.624       
# span 4 =          1,          1       
# span 5 =    24.2998,    28.5558       
# span 6 =  53.660919,  57.094578       
# span 7 =  53.670025,  57.098061       
# span 8 =     5.5103,     6.1954       
# span 9 =    21.6474,    24.3026       
# span 10 =    24.2814,    28.5556      
# span 11 =    34.2473,    36.0763      
# span 12 =    6.40877,    6.81459      
# span 13 =    6.39214,    6.79796      
# span 14 = 0.0000e+00, 0.0000e+00      
# interval = seconds: 0.0416667
# start_time = Aug 09 2009 21:28:11 [System UpLoad Time]
# bad_flag = -9.990e-29
*END*
[from data line 5591]
       5592 221.897263     84.883     85.385          1    24.4620  53.837425  53.847179     5.5295    24.2427    24.4437    35.9695    6.79570    6.77901 0.0000e+00
       5593 221.897263     84.943     85.404          1    24.4617  53.835911  53.846657     5.5296    24.2422    24.4434    35.9686    6.79577    6.77909 0.0000e+00
       5594 221.897263     84.974     85.423          1    24.4609  53.834057  53.846195     5.5295    24.2418    24.4426    35.9678    6.79589    6.77920 0.0000e+00
       5595 221.897263     84.883     85.441          1    24.4593  53.831573  53.845749     5.5265    24.2419    24.4410    35.9672    6.79610    6.77941 0.0000e+00
       5596 221.897263     85.027     85.460          1    24.4574  53.826649  53.844303     5.5258    24.2408    24.4391    35.9651    6.79641    6.77972 0.0000e+00
       5597 221.897278     84.996     85.479          1    24.4551  53.820911  53.841911     5.5282    24.2396    24.4368    35.9625    6.79677    6.78008 0.0000e+00
       5598 221.897278     84.974     85.496          1    24.4517  53.816525  53.839985     5.5282    24.2402    24.4334    35.9620    6.79719    6.78050 0.0000e+00
       5599 221.897278     85.057     85.515          1    24.4461  53.813385  53.839840     5.5254    24.2435    24.4277    35.9641    6.79776    6.78108 0.0000e+00
       5600 221.897278     85.057     85.532          1    24.4426  53.811134  53.840099     5.5255    24.2454    24.4243    35.9652    6.79812    6.78144 0.0000e+00
       5601 221.897278     85.088     85.549          1    24.4404  53.808292  53.840378     5.5227    24.2457    24.4221    35.9648    6.79839    6.78171 0.0000e+00
       5602 221.897278     85.110     85.565          1    24.4379  53.805527  53.840061     5.5227    24.2465    24.4195    35.9648    6.79869    6.78201 0.0000e+00
       5603 221.897278     85.088     85.579          1    24.4350  53.802708  53.839989     5.5225    24.2475    24.4166    35.9650    6.79902    6.78234 0.0000e+00
       5604 221.897278     85.110     85.593          1    24.4323  53.799717  53.839840     5.5220    24.2483    24.4139    35.9649    6.79934    6.78266 0.0000e+00
       5605 221.897278     85.201     85.606          1    24.4302  53.796803  53.838947     5.5240    24.2484    24.4119    35.9643    6.79959    6.78291 0.0000e+00
       5606 221.897278     85.110     85.618          1    24.4272  53.793816  53.836166     5.5207    24.2495    24.4089    35.9645    6.79994    6.78326 0.0000e+00
       5607 221.897278     85.171     85.628          1    24.4241  53.792435  53.833832     5.5232    24.2515    24.4058    35.9660    6.80024    6.78357 0.0000e+00
       5608 221.897278     85.201     85.637          1    24.4214  53.790806  53.832111     5.5229    24.2531    24.4030    35.9669    6.80052    6.78385 0.0000e+00
       5609 221.897278     85.171     85.645          1    24.4199  53.789253  53.828583     5.5224    24.2535    24.4016    35.9669    6.80070    6.78402 0.0000e+00
       5610 221.897278     85.201     85.651          1    24.4186  53.788044  53.824100     5.5248    24.2540    24.4003    35.9670    6.80084    6.78416 0.0000e+00
       5611 221.897278     85.224     85.655          1    24.4172  53.787308  53.817108     5.5247    24.2549    24.3989    35.9676    6.80098    6.78431 0.0000e+00
       5612 221.897278     85.110     85.658          1    24.4159  53.786701  53.809216     5.5246    24.2557    24.3976    35.9682    6.80111    6.78443 0.0000e+00
       5613 221.897278     85.201     85.662          1    24.4152  53.785755  53.803066     5.5245    24.2558    24.3969    35.9681    6.80120    6.78452 0.0000e+00
       5614 221.897278     85.277     85.664          1    24.4143  53.785950  53.798515     5.5271    24.2567    24.3960    35.9689    6.80127    6.78460 0.0000e+00
       5615 221.897278     85.141     85.664          1    24.4138  53.785641  53.795460     5.5271    24.2570    24.3954    35.9691    6.80132    6.78465 0.0000e+00
       5616 221.897278     85.171     85.664          1    24.4137  53.785721  53.793072     5.5243    24.2572    24.3953    35.9693    6.80133    6.78466 0.0000e+00
       5617 221.897278     85.255     85.663          1    24.4132  53.786022  53.791832     5.5271    24.2578    24.3949    35.9699    6.80136    6.78469 0.0000e+00
       5618 221.897278     85.171     85.661          1    24.4136  53.786499  53.791557     5.5272    24.2577    24.3953    35.9699    6.80131    6.78464 0.0000e+00
       5619 221.897278     85.171     85.658          1    24.4138  53.787140  53.792542     5.5245    24.2579    24.3954    35.9703    6.80128    6.78461 0.0000e+00
       5620 221.897278     85.255     85.653          1    24.4139  53.787647  53.793762     5.5274    24.2580    24.3956    35.9705    6.80125    6.78458 0.0000e+00
       5621 221.897278     85.224     85.646          1    24.4146  53.788788  53.794949     5.5304    24.2580    24.3963    35.9708    6.80116    6.78448 0.0000e+00
       5622 221.897278     85.087     85.637          1    24.4146  53.789810  53.797249     5.5277    24.2586    24.3963    35.9716    6.80113    6.78445 0.0000e+00
       5623 221.897278     85.171     85.628          1    24.4154  53.792824  53.799526     5.5304    24.2596    24.3971    35.9733    6.80097    6.78430 0.0000e+00
       5624 221.897278     85.171     85.618          1    24.4168  53.796478  53.803123     5.5305    24.2604    24.3985    35.9749    6.80074    6.78407 0.0000e+00
       5625 221.897278     85.201     85.607          1    24.4190  53.800167  53.810322     5.5334    24.2606    24.4007    35.9759    6.80045    6.78378 0.0000e+00
       5626 221.897278     85.110     85.593          1    24.4219  53.804676  53.819439     5.5335    24.2605    24.4036    35.9770    6.80007    6.78340 0.0000e+00
       5627 221.897278     85.087     85.578          1    24.4248  53.809559  53.826790     5.5336    24.2606    24.4065    35.9783    6.79968    6.78300 0.0000e+00
       5628 221.897278     85.057     85.562          1    24.4288  53.814705  53.830284     5.5364    24.2599    24.4105    35.9790    6.79919    6.78251 0.0000e+00
       5629 221.897293     85.201     85.546          1    24.4330  53.821072  53.834179     5.5337    24.2598    24.4147    35.9804    6.79865    6.78197 0.0000e+00
       5630 221.897293     85.057     85.527          1    24.4375  53.830143  53.841560     5.5337    24.2608    24.4192    35.9836    6.79800    6.78132 0.0000e+00
       5631 221.897293     85.057     85.505          1    24.4425  53.839420  53.848934     5.5365    24.2616    24.4242    35.9866    6.79730    6.78062 0.0000e+00
       5632 221.897293     84.974     85.482          1    24.4511  53.844238  53.853359     5.5365    24.2565    24.4328    35.9833    6.79642    6.77974 0.0000e+00
       5633 221.897293     85.057     85.458          1    24.4593  53.843143  53.855743     5.5394    24.2485    24.4410    35.9759    6.79576    6.77908 0.0000e+00
       5634 221.897293     84.974     85.432          1    24.4649  53.840000  53.856800     5.5395    24.2416    24.4466    35.9691    6.79538    6.77869 0.0000e+00
       5635 221.897293     84.943     85.404          1    24.4642  53.837578  53.855530     5.5397    24.2408    24.4459    35.9678    6.79551    6.77882 0.0000e+00
       5636 221.897293     84.882     85.375          1    24.4622  53.836941  53.852825     5.5398    24.2423    24.4440    35.9689    6.79569    6.77901 0.0000e+00
       5637 221.897293     84.860     85.346          1    24.4606  53.838211  53.850250     5.5373    24.2445    24.4423    35.9712    6.79580    6.77911 0.0000e+00
       5638 221.897293     84.829     85.317          1    24.4597  53.841091  53.848972     5.5403    24.2470    24.4414    35.9741    6.79579    6.77910 0.0000e+00
       5639 221.897293     84.860     85.287          1    24.4607  53.843838  53.847916     5.5435    24.2476    24.4425    35.9754    6.79562    6.77893 0.0000e+00
       5640 221.897293     84.769     85.256          1    24.4630  53.845440  53.846916     5.5439    24.2465    24.4447    35.9748    6.79538    6.77870 0.0000e+00
       5641 221.897293     84.693     85.224          1    24.4655  53.845932  53.846230     5.5444    24.2445    24.4472    35.9732    6.79515    6.77847 0.0000e+00
       5642 221.897293     84.769     85.193          1    24.4675  53.845989  53.846027     5.5445    24.2427    24.4492    35.9716    6.79498    6.77829 0.0000e+00
       5643 221.897293     84.715     85.161          1    24.4678  53.845989  53.846455     5.5450    24.2424    24.4496    35.9713    6.79495    6.77826 0.0000e+00
       5644 221.897293     84.693     85.126          1    24.4678  53.846443  53.847050     5.5479    24.2427    24.4496    35.9717    6.79494    6.77825 0.0000e+00
       5645 221.897293     84.601     85.090          1    24.4678  53.846764  53.847305     5.5452    24.2428    24.4496    35.9719    6.79493    6.77824 0.0000e+00
       5646 221.897293     84.518     85.054          1    24.4680  53.846821  53.848068     5.5483    24.2427    24.4498    35.9719    6.79491    6.77822 0.0000e+00
       5647 221.897293     84.548     85.019          1    24.4686  53.847046  53.849586     5.5485    24.2424    24.4503    35.9716    6.79486    6.77817 0.0000e+00
       5648 221.897293     84.518     84.983          1    24.4691  53.847237  53.850849     5.5490    24.2420    24.4509    35.9713    6.79480    6.77812 0.0000e+00
       5649 221.897293     84.488     84.947          1    24.4689  53.847500  53.852016     5.5521    24.2423    24.4507    35.9717    6.79481    6.77812 0.0000e+00
       5650 221.897293     84.434     84.910          1    24.4695  53.847466  53.853092     5.5552    24.2418    24.4513    35.9712    6.79476    6.77808 0.0000e+00
       5651 221.897293     84.351     84.873          1    24.4695  53.847824  53.854237     5.5551    24.2420    24.4513    35.9715    6.79475    6.77806 0.0000e+00
       5652 221.897293     84.374     84.836          1    24.4696  53.848354  53.855984     5.5580    24.2422    24.4515    35.9718    6.79472    6.77803 0.0000e+00
       5653 221.897293     84.290     84.799          1    24.4702  53.848598  53.858410     5.5585    24.2418    24.4520    35.9715    6.79467    6.77798 0.0000e+00
       5654 221.897293     84.267     84.762          1    24.4704  53.849602  53.861118     5.5589    24.2422    24.4522    35.9721    6.79463    6.77794 0.0000e+00
       5655 221.897293     84.290     84.726          1    24.4709  53.852314  53.863804     5.5593    24.2433    24.4528    35.9738    6.79450    6.77781 0.0000e+00
       5656 221.897293     84.207     84.689          1    24.4716  53.854813  53.866028     5.5621    24.2441    24.4535    35.9751    6.79436    6.77768 0.0000e+00
       5657 221.897293     84.093     84.651          1    24.4733  53.857430  53.869106     5.5622    24.2440    24.4552    35.9757    6.79414    6.77746 0.0000e+00
       5658 221.897293     84.184     84.615          1    24.4747  53.861465  53.873127     5.5623    24.2450    24.4566    35.9776    6.79390    6.77722 0.0000e+00
       5659 221.897293     84.039     84.579          1    24.4770  53.864510  53.877354     5.5624    24.2447    24.4589    35.9781    6.79362    6.77693 0.0000e+00
       5660 221.897308     84.009     84.545          1    24.4811  53.867027  53.882473     5.5624    24.2425    24.4630    35.9767    6.79320    6.77651 0.0000e+00
       5661 221.897308     84.039     84.512          1    24.4842  53.870152  53.888168     5.5627    24.2414    24.4661    35.9766    6.79285    6.77615 0.0000e+00
       5662 221.897308     84.009     84.479          1    24.4865  53.871380  53.893726     5.5656    24.2400    24.4684    35.9756    6.79261    6.77592 0.0000e+00
       5663 221.897308     83.926     84.446          1    24.4890  53.869972  53.898716     5.5660    24.2370    24.4709    35.9726    6.79244    6.77575 0.0000e+00
       5664 221.897308     83.895     84.414          1    24.4907  53.869923  53.902473     5.5667    24.2354    24.4726    35.9712    6.79230    6.77560 0.0000e+00
       5665 221.897308     83.865     84.384          1    24.4897  53.873661  53.904602     5.5673    24.2385    24.4716    35.9749    6.79228    6.77558 0.0000e+00
       5666 221.897308     83.812     84.355          1    24.4899  53.880993  53.906029     5.5705    24.2425    24.4718    35.9802    6.79205    6.77535 0.0000e+00
       5667 221.897308     83.842     84.329          1    24.4926  53.885929  53.908199     5.5713    24.2428    24.4745    35.9818    6.79167    6.77498 0.0000e+00
       5668 221.897308     83.812     84.303          1    24.4998  53.886944  53.910259     5.5721    24.2368    24.4817    35.9767    6.79103    6.77433 0.0000e+00
       5669 221.897308     83.728     84.278          1    24.5029  53.885197  53.911793     5.5754    24.2330    24.4848    35.9730    6.79082    6.77412 0.0000e+00
       5670 221.897308     83.758     84.255          1    24.5038  53.883301  53.914429     5.5731    24.2311    24.4857    35.9708    6.79079    6.77409 0.0000e+00
       5671 221.897308     83.728     84.233          1    24.5040  53.882870  53.917694     5.5761    24.2307    24.4859    35.9704    6.79079    6.77409 0.0000e+00
       5672 221.897308     83.698     84.213          1    24.5027  53.883041  53.920807     5.5735    24.2320    24.4847    35.9715    6.79089    6.77419 0.0000e+00
       5673 221.897308     83.675     84.193          1    24.5033  53.885834  53.923180     5.5737    24.2331    24.4852    35.9732    6.79076    6.77407 0.0000e+00
       5674 221.897308     83.645     84.175          1    24.5023  53.893913  53.923325     5.5766    24.2385    24.4843    35.9800    6.79061    6.77391 0.0000e+00
       5675 221.897308     83.561     84.161          1    24.5031  53.903233  53.922413     5.5769    24.2431    24.4851    35.9864    6.79027    6.77357 0.0000e+00
       5676 221.897308     83.698     84.148          1    24.5099  53.909626  53.920704     5.5776    24.2406    24.4919    35.9857    6.78950    6.77280 0.0000e+00
       5677 221.897308     83.645     84.137          1    24.5180  53.912689  53.918556     5.5754    24.2350    24.4999    35.9816    6.78873    6.77203 0.0000e+00
       5678 221.897308     83.561     84.127          1    24.5232  53.916447  53.915604     5.5790    24.2324    24.5051    35.9803    6.78818    6.77148 0.0000e+00
       5679 221.897308     83.584     84.119          1    24.5258  53.921715  53.913086     5.5769    24.2330    24.5078    35.9821    6.78780    6.77110 0.0000e+00
       5680 221.897308     83.614     84.113          1    24.5299  53.925442  53.913406     5.5772    24.2315    24.5118    35.9817    6.78735    6.77065 0.0000e+00
       5681 221.897308     83.584     84.109          1    24.5353  53.927181  53.914650     5.5748    24.2275    24.5172    35.9786    6.78684    6.77013 0.0000e+00
       5682 221.897308     83.561     84.106          1    24.5384  53.928413  53.913960     5.5724    24.2254    24.5203    35.9771    6.78654    6.76983 0.0000e+00
       5683 221.897308     83.584     84.106          1    24.5400  53.929737  53.910114     5.5727    24.2247    24.5219    35.9768    6.78637    6.76966 0.0000e+00
       5684 221.897308     83.561     84.108          1    24.5418  53.930534  53.905384     5.5756    24.2235    24.5237    35.9759    6.78619    6.76948 0.0000e+00
       5685 221.897308     83.645     84.112          1    24.5429  53.931023  53.900581     5.5731    24.2228    24.5249    35.9754    6.78608    6.76937 0.0000e+00
       5686 221.897308     83.584     84.117          1    24.5442  53.931477  53.897823     5.5732    24.2219    24.5261    35.9747    6.78596    6.76925 0.0000e+00
