translate/ONIV_008T.cnv
* Sea-Bird SBE 9 Data File:
* FileName = D:\COMISSOES\2009\OCEANO_NORTE_IV\Bruto\ONIV_008.dat
* Software Version Seasave Win32 V 5.37d
* Temperature SN = 2326
* Conductivity SN = 2002
* Number of Bytes Per Scan = 21
* Number of Voltage Words = 1
* Number of Scans Averaged by the Deck Unit = 1
* NMEA Latitude = 04 29.10 N
* NMEA Longitude = 050 11.66 W
* NMEA UTC (Time) = 20:49:25
** H40
** NOc ANTARES
** 204
** OCEANO N IV
**   008
**   04 29,08 N
**   050 11,64 W
**   06/08/2009 20:47
**   101
** 9P46375-0881
**   1T TANGARI
# nquan = 15                                
# nvalues = 8681                        
# units = specified
# name 0 = scan: Scan Count
# name 1 = timeJ: Julian Days
# name 2 = depSM: Depth [salt water, m]
# name 3 = prDM: Pressure, Digiquartz [db]
# name 4 = pumps: Pump Status
# name 5 = t090C: Temperature [ITS-90, deg C]
# name 6 = c0mS/cm: Conductivity [mS/cm]
# name 7 = c1mS/cm: Conductivity, 2 [mS/cm]
# name 8 = sbeox0Mg/L: Oxygen, SBE 43 [mg/l]
# name 9 = sigma-é00: Density [sigma-theta, kg/m^3]
# name 10 = potemp090C: Potential Temperature [ITS-90, deg C]
# name 11 = sal00: Salinity, Practical [PSU]
# name 12 = oxsolMg/L: Oxygen Saturation, Garcia & Gordon [mg/l]
# name 13 = oxsatMg/L: Oxygen Saturation, Weiss [mg/l]
# name 14 = flag: flag
# span 0 =          1,       8681       
# span 1 = 218.865311, 218.869492       
# span 2 =      0.388,     90.127       
# span 3 =      0.458,     90.570       
# span 4 =          1,          1       
# span 5 =    24.3353,    28.8421       
# span 6 =  45.257187,  56.913700       
# span 7 =  45.304607,  56.904572       
# span 8 =     4.7221,     6.4451       
# span 9 =    16.1545,    24.4883       
# span 10 =    24.3160,    28.8389      
# span 11 =    27.0089,    36.3272      
# span 12 =    6.43592,    6.80239      
# span 13 =    6.41914,    6.78578      
# span 14 = 0.0000e+00, 0.0000e+00      
# interval = seconds: 0.0416667
# start_time = Aug 06 2009 20:46:03 [System UpLoad Time]
# bad_flag = -9.990e-29
*END*
[from data line 6844]
       6845 218.868607     23.404     23.589          1    27.5158  56.859032  56.852501     5.6350    23.1588    27.5103    35.8036    6.46281    6.44609 0.0000e+00
       6846 218.868607     23.442     23.531          1    27.5171  56.855324  56.851967     5.6370    23.1556    27.5116    35.8000    6.46281    6.44608 0.0000e+00
       6847 218.868607     23.328     23.473          1    27.5186  56.851936  56.850315     5.6365    23.1525    27.5131    35.7965    6.46278    6.44605 0.0000e+00
       6848 218.868622     23.275     23.415          1    27.5191  56.849865  56.847198     5.6389    23.1509    27.5136    35.7947    6.46279    6.44606 0.0000e+00
       6849 218.868622     23.290     23.357          1    27.5197  56.848160  56.843025     5.6412    23.1495    27.5142    35.7930    6.46279    6.44606 0.0000e+00
       6850 218.868622     23.108     23.298          1    27.5208  56.846569  56.840794     5.6407    23.1477    27.5154    35.7910    6.46274    6.44601 0.0000e+00
       6851 218.868622     23.161     23.239          1    27.5243  56.845947  56.840359     5.6437    23.1442    27.5189    35.7879    6.46248    6.44575 0.0000e+00
       6852 218.868622     23.047     23.180          1    27.5298  56.845577  56.839767     5.6468    23.1391    27.5244    35.7835    6.46206    6.44533 0.0000e+00
       6853 218.868622     23.009     23.120          1    27.5339  56.844082  56.839123     5.6499    23.1345    27.5285    35.7793    6.46177    6.44504 0.0000e+00
       6854 218.868622     22.933     23.060          1    27.5374  56.840004  56.836288     5.6525    23.1292    27.5321    35.7737    6.46160    6.44487 0.0000e+00
       6855 218.868622     22.880     22.999          1    27.5406  56.834324  56.831867     5.6554    23.1233    27.5353    35.7673    6.46149    6.44477 0.0000e+00
       6856 218.868622     22.827     22.938          1    27.5441  56.830917  56.828243     5.6558    23.1184    27.5388    35.7622    6.46131    6.44458 0.0000e+00
       6857 218.868622     22.728     22.877          1    27.5475  56.829700  56.825893     5.6613    23.1147    27.5421    35.7588    6.46108    6.44435 0.0000e+00
       6858 218.868622     22.713     22.816          1    27.5506  56.829742  56.825272     5.6637    23.1119    27.5452    35.7565    6.46083    6.44411 0.0000e+00
       6859 218.868622     22.652     22.754          1    27.5524  56.829350  56.825348     5.6657    23.1101    27.5471    35.7548    6.46070    6.44397 0.0000e+00
       6860 218.868622     22.485     22.692          1    27.5541  56.825058  56.824017     5.6652    23.1063    27.5488    35.7505    6.46068    6.44395 0.0000e+00
       6861 218.868622     22.554     22.632          1    27.5593  56.817104  56.821793     5.6675    23.0974    27.5540    35.7409    6.46047    6.44374 0.0000e+00
       6862 218.868622     22.485     22.570          1    27.5666  56.808636  56.817902     5.6702    23.0863    27.5614    35.7293    6.46011    6.44339 0.0000e+00
       6863 218.868622     22.372     22.507          1    27.5735  56.802944  56.808422     5.6678    23.0770    27.5683    35.7200    6.45972    6.44299 0.0000e+00
       6864 218.868622     22.319     22.444          1    27.5782  56.802685  56.798527     5.6730    23.0727    27.5730    35.7163    6.45935    6.44263 0.0000e+00
       6865 218.868622     22.220     22.382          1    27.5827  56.799786  56.794067     5.6730    23.0672    27.5774    35.7109    6.45908    6.44236 0.0000e+00
       6866 218.868622     22.205     22.320          1    27.5818  56.790104  56.791599     5.6783    23.0627    27.5766    35.7046    6.45939    6.44267 0.0000e+00
       6867 218.868622     22.144     22.259          1    27.5841  56.780090  56.788620     5.6807    23.0553    27.5790    35.6958    6.45947    6.44274 0.0000e+00
       6868 218.868622     22.030     22.197          1    27.5917  56.773994  56.784409     5.6805    23.0453    27.5865    35.6857    6.45903    6.44230 0.0000e+00
       6869 218.868622     22.030     22.136          1    27.5982  56.769737  56.780937     5.6803    23.0372    27.5930    35.6778    6.45863    6.44191 0.0000e+00
       6870 218.868622     21.932     22.076          1    27.6024  56.766350  56.778172     5.6827    23.0316    27.5972    35.6722    6.45839    6.44166 0.0000e+00
       6871 218.868622     21.863     22.016          1    27.6056  56.762646  56.774261     5.6853    23.0268    27.6004    35.6672    6.45823    6.44151 0.0000e+00
       6872 218.868622     21.863     21.957          1    27.6083  56.761452  56.768169     5.6884    23.0237    27.6032    35.6643    6.45805    6.44132 0.0000e+00
       6873 218.868622     21.810     21.897          1    27.6105  56.763355  56.761894     5.6911    23.0228    27.6054    35.6640    6.45783    6.44110 0.0000e+00
       6874 218.868622     21.598     21.837          1    27.6113  56.762260  56.758888     5.6885    23.0215    27.6062    35.6626    6.45779    6.44106 0.0000e+00
       6875 218.868622     21.696     21.779          1    27.6090  56.757721  56.757603     5.6858    23.0211    27.6039    35.6611    6.45809    6.44136 0.0000e+00
       6876 218.868622     21.583     21.721          1    27.6081  56.748257  56.752892     5.6908    23.0169    27.6030    35.6551    6.45840    6.44167 0.0000e+00
       6877 218.868622     21.583     21.663          1    27.6091  56.736366  56.746746     5.6906    23.0097    27.6040    35.6460    6.45863    6.44190 0.0000e+00
       6878 218.868622     21.469     21.605          1    27.6120  56.726803  56.739220     5.6930    23.0020    27.6069    35.6370    6.45864    6.44191 0.0000e+00
       6879 218.868622     21.431     21.546          1    27.6164  56.722904  56.731087     5.6954    22.9960    27.6114    35.6309    6.45840    6.44167 0.0000e+00
       6880 218.868637     21.355     21.487          1    27.6184  56.723087  56.724949     5.6929    22.9943    27.6133    35.6296    6.45824    6.44151 0.0000e+00
       6881 218.868637     21.302     21.429          1    27.6195  56.715996  56.718010     5.6928    22.9895    27.6145    35.6237    6.45833    6.44160 0.0000e+00
       6882 218.868637     21.127     21.373          1    27.6188  56.705479  56.712460     5.6928    22.9845    27.6138    35.6168    6.45865    6.44192 0.0000e+00
       6883 218.868637     21.203     21.319          1    27.6209  56.701645  56.708160     5.6929    22.9806    27.6160    35.6125    6.45858    6.44185 0.0000e+00
       6884 218.868637     21.127     21.267          1    27.6255  56.702717  56.705093     5.6954    22.9771    27.6205    35.6098    6.45820    6.44147 0.0000e+00
       6885 218.868637     21.074     21.216          1    27.6258  56.700924  56.703163     5.6955    22.9758    27.6209    35.6083    6.45822    6.44148 0.0000e+00
       6886 218.868637     21.074     21.165          1    27.6251  56.697441  56.698814     5.6954    22.9747    27.6201    35.6064    6.45837    6.44163 0.0000e+00
       6887 218.868637     20.960     21.114          1    27.6252  56.696594  56.694954     5.6955    22.9741    27.6203    35.6057    6.45837    6.44164 0.0000e+00
       6888 218.868637     20.922     21.063          1    27.6268  56.701973  56.692909     5.6933    22.9756    27.6218    35.6084    6.45812    6.44138 0.0000e+00
       6889 218.868637     20.907     21.014          1    27.6269  56.707291  56.692287     5.6937    22.9783    27.6220    35.6120    6.45797    6.44124 0.0000e+00
       6890 218.868637     20.847     20.965          1    27.6247  56.708054  56.690331     5.6966    22.9807    27.6198    35.6143    6.45812    6.44139 0.0000e+00
       6891 218.868637     20.733     20.916          1    27.6223  56.704369  56.686180     5.6940    22.9809    27.6174    35.6135    6.45840    6.44167 0.0000e+00
       6892 218.868637     20.733     20.869          1    27.6218  56.694344  56.681194     5.6941    22.9760    27.6169    35.6068    6.45870    6.44197 0.0000e+00
       6893 218.868637     20.695     20.823          1    27.6227  56.677158  56.675034     5.6968    22.9660    27.6178    35.5940    6.45907    6.44233 0.0000e+00
       6894 218.868637     20.619     20.778          1    27.6259  56.661972  56.668404     5.6967    22.9550    27.6211    35.5807    6.45920    6.44246 0.0000e+00
       6895 218.868637     20.619     20.734          1    27.6321  56.652401  56.664185     5.6968    22.9444    27.6272    35.5693    6.45896    6.44223 0.0000e+00
       6896 218.868637     20.566     20.691          1    27.6374  56.643517  56.661686     5.6995    22.9349    27.6326    35.5590    6.45877    6.44203 0.0000e+00
       6897 218.868637     20.452     20.649          1    27.6413  56.633102  56.661198     5.6969    22.9259    27.6365    35.5487    6.45873    6.44199 0.0000e+00
       6898 218.868637     20.467     20.609          1    27.6443  56.627037  56.662640     5.6969    22.9200    27.6394    35.5422    6.45866    6.44192 0.0000e+00
       6899 218.868637     20.452     20.571          1    27.6476  56.629417  56.665390     5.6995    22.9183    27.6428    35.5413    6.45833    6.44159 0.0000e+00
       6900 218.868637     20.399     20.533          1    27.6502  56.635052  56.667339     5.6970    22.9190    27.6454    35.5434    6.45798    6.44125 0.0000e+00
       6901 218.868637     20.338     20.496          1    27.6500  56.640488  56.671551     5.6969    22.9221    27.6452    35.5474    6.45786    6.44112 0.0000e+00
       6902 218.868637     20.338     20.461          1    27.6485  56.644875  56.684322     5.6994    22.9257    27.6438    35.5516    6.45786    6.44113 0.0000e+00
       6903 218.868637     20.300     20.426          1    27.6474  56.647640  56.694443     5.6995    22.9282    27.6426    35.5544    6.45788    6.44114 0.0000e+00
       6904 218.868637     20.224     20.392          1    27.6460  56.647518  56.695332     5.6968    22.9295    27.6412    35.5554    6.45800    6.44126 0.0000e+00
       6905 218.868637     20.224     20.360          1    27.6447  56.646126  56.702976     5.6967    22.9298    27.6399    35.5554    6.45813    6.44139 0.0000e+00
       6906 218.868637     20.224     20.329          1    27.6447  56.646557  56.725636     5.6940    22.9301    27.6399    35.5558    6.45812    6.44138 0.0000e+00
       6907 218.868637     20.171     20.298          1    27.6454  56.647408  56.750423     5.6941    22.9299    27.6406    35.5558    6.45804    6.44131 0.0000e+00
       6908 218.868637     20.057     20.268          1    27.6450  56.653538  56.765205     5.6940    22.9335    27.6403    35.5604    6.45791    6.44118 0.0000e+00
       6909 218.868637     20.133     20.241          1    27.6447  56.666847  56.771069     5.6939    22.9409    27.6399    35.5701    6.45760    6.44087 0.0000e+00
       6910 218.868637     20.118     20.214          1    27.6426  56.681652  56.775295     5.6938    22.9506    27.6379    35.5822    6.45738    6.44065 0.0000e+00
       6911 218.868652     20.004     20.187          1    27.6382  56.707958  56.780815     5.6937    22.9687    27.6335    35.6042    6.45706    6.44033 0.0000e+00
       6912 218.868652     20.057     20.162          1    27.6352  56.735992  56.785534     5.6936    22.9862    27.6305    35.6263    6.45657    6.43984 0.0000e+00
       6913 218.868652     20.004     20.138          1    27.6195  56.750816  56.787064     5.6934    23.0082    27.6148    35.6487    6.45742    6.44069 0.0000e+00
       6914 218.868652     19.959     20.114          1    27.5993  56.741932  56.787842     5.6908    23.0217    27.5946    35.6579    6.45924    6.44251 0.0000e+00
       6915 218.868652     20.004     20.092          1    27.5860  56.717102  56.787819     5.6907    23.0204    27.5813    35.6504    6.46092    6.44418 0.0000e+00
       6916 218.868652     19.944     20.069          1    27.5823  56.697178  56.788315     5.6932    23.0131    27.5776    35.6391    6.46172    6.44498 0.0000e+00
       6917 218.868652     19.891     20.047          1    27.5924  56.687359  56.788841     5.6930    22.9988    27.5877    35.6244    6.46117    6.44443 0.0000e+00
       6918 218.868652     19.944     20.026          1    27.6079  56.683147  56.786560     5.6903    22.9826    27.6032    35.6097    6.46007    6.44333 0.0000e+00
       6919 218.868652     19.830     20.006          1    27.6178  56.686672  56.776588     5.6927    22.9756    27.6131    35.6047    6.45920    6.44246 0.0000e+00
       6920 218.868652     19.959     19.985          1    27.6229  56.704918  56.752178     5.6899    22.9808    27.6182    35.6137    6.45833    6.44160 0.0000e+00
       6921 218.868652     19.830     19.964          1    27.6253  56.729984  56.724487     5.6924    22.9920    27.6206    35.6297    6.45750    6.44077 0.0000e+00
       6922 218.868652     19.777     19.943          1    27.6243  56.752090  56.697048     5.6950    23.0046    27.6197    35.6460    6.45701    6.44028 0.0000e+00
       6923 218.868652     19.830     19.923          1    27.6094  56.763790  56.673656     5.6949    23.0242    27.6048    35.6657    6.45788    6.44115 0.0000e+00
       6924 218.868652     19.777     19.904          1    27.5937  56.764774  56.663971     5.6946    23.0389    27.5891    35.6784    6.45908    6.44236 0.0000e+00
       6925 218.868652     19.853     19.883          1    27.5846  56.758682  56.662407     5.6945    23.0438    27.5800    35.6810    6.45995    6.44322 0.0000e+00
       6926 218.868652     19.716     19.862          1    27.5830  56.747711  56.671013     5.6947    23.0394    27.5784    35.6744    6.46036    6.44363 0.0000e+00
       6927 218.868652     19.663     19.841          1    27.5808  56.733295  56.677006     5.6943    23.0337    27.5762    35.6659    6.46091    6.44417 0.0000e+00
       6928 218.868652     19.716     19.822          1    27.5785  56.715900  56.674961     5.6940    23.0265    27.5739    35.6553    6.46153    6.44479 0.0000e+00
       6929 218.868652     19.716     19.804          1    27.5806  56.698242  56.674229     5.6960    23.0152    27.5760    35.6412    6.46182    6.44508 0.0000e+00
       6930 218.868652     19.663     19.785          1    27.5896  56.686214  56.676090     5.6957    23.0007    27.5850    35.6258    6.46142    6.44468 0.0000e+00
       6931 218.868652     19.678     19.766          1    27.6055  56.680882  56.678440     5.6982    22.9836    27.6009    35.6100    6.46031    6.44357 0.0000e+00
       6932 218.868652     19.663     19.746          1    27.6164  56.669304  56.684437     5.6960    22.9677    27.6118    35.5935    6.45975    6.44301 0.0000e+00
       6933 218.868652     19.663     19.725          1    27.6217  56.643147  56.695454     5.6962    22.9490    27.6171    35.5710    6.46000    6.44326 0.0000e+00
       6934 218.868652     19.610     19.702          1    27.6247  56.626888  56.707676     5.6939    22.9376    27.6201    35.5572    6.46019    6.44344 0.0000e+00
       6935 218.868652     19.549     19.679          1    27.6317  56.615086  56.714977     5.6944    22.9250    27.6271    35.5435    6.45994    6.44319 0.0000e+00
       6936 218.868652     19.564     19.656          1    27.6367  56.593758  56.719692     5.6975    22.9092    27.6321    35.5246    6.46009    6.44335 0.0000e+00
       6937 218.868652     19.549     19.632          1    27.6397  56.577450  56.722210     5.6972    22.8979    27.6351    35.5108    6.46027    6.44353 0.0000e+00
       6938 218.868652     19.496     19.607          1    27.6470  56.575119  56.721539     5.6967    22.8900    27.6425    35.5036    6.45976    6.44301 0.0000e+00
       6939 218.868652     19.496     19.582          1    27.6544  56.578316  56.716488     5.6993    22.8851    27.6498    35.5003    6.45910    6.44235 0.0000e+00
