translate/ONIV_007T.cnv
* Sea-Bird SBE 9 Data File:
* FileName = D:\COMISSOES\2009\OCEANO_NORTE_IV\Bruto\ONIV_007.dat
* Software Version Seasave Win32 V 5.37d
* Temperature SN = 2326
* Conductivity SN = 2002
* Number of Bytes Per Scan = 21
* Number of Voltage Words = 1
* Number of Scans Averaged by the Deck Unit = 1
* NMEA Latitude = 04 06.56 N
* NMEA Longitude = 050 34.33 W
* NMEA UTC (Time) = 17:27:38
** H40
** NOc ANTARES
** 204
** OCEANO N IV
**   007
**   04 06.40 N
**   050 34.32 W
**   06/08/09 17:20
** 9P46375-0881
**   1T JORGE LUIZ
# nquan = 15                                
# nvalues = 9537                        
# units = specified
# name 0 = scan: Scan Count
# name 1 = timeJ: Julian Days
# name 2 = depSM: Depth [salt water, m]
# name 3 = prDM: Pressure, Digiquartz [db]
# name 4 = pumps: Pump Status
# name 5 = t090C: Temperature [ITS-90, deg C]
# name 6 = c0mS/cm: Conductivity [mS/cm]
# name 7 = c1mS/cm: Conductivity, 2 [mS/cm]
# name 8 = sbeox0Mg/L: Oxygen, SBE 43 [mg/l]
# name 9 = sigma-é00: Density [sigma-theta, kg/m^3]
# name 10 = potemp090C: Potential Temperature [ITS-90, deg C]
# name 11 = sal00: Salinity, Practical [PSU]
# name 12 = oxsolMg/L: Oxygen Saturation, Garcia & Gordon [mg/l]
# name 13 = oxsatMg/L: Oxygen Saturation, Weiss [mg/l]
# name 14 = flag: flag
# span 0 =          1,       9537       
# span 1 = 218.725189, 218.729797       
# span 2 =     -0.597,     59.496       
# span 3 =     -0.518,     59.717       
# span 4 =          1,          1       
# span 5 =    26.5942,    28.7042       
# span 6 =  33.750744,  57.044971       
# span 7 =  33.761112,  57.030491       
# span 8 =     3.8150,     8.3161       
# span 9 =    10.6040,    23.6230       
# span 10 =    26.5809,    28.7018      
# span 11 =    19.5464,    36.0345      
# span 12 =    6.41939,    6.95780      
# span 13 =    6.40278,    6.93865      
# span 14 = 0.0000e+00, 0.0000e+00      
# interval = seconds: 0.0416667
# start_time = Aug 06 2009 17:24:17 [System UpLoad Time]
# bad_flag = -9.990e-29
*END*
[from data line 1543]
       1544 218.725937     13.101     13.170          1    27.8207  54.744514  54.883690     5.9217    21.7683    27.8176    34.0880    6.49263    6.47565 0.0000e+00
       1545 218.725937     13.154     13.200          1    27.8154  54.754166  54.876881     5.9164    21.7779    27.8123    34.0986    6.49281    6.47583 0.0000e+00
       1546 218.725937     13.154     13.230          1    27.8131  54.765938  54.892685     5.9135    21.7861    27.8100    34.1085    6.49269    6.47572 0.0000e+00
       1547 218.725937     13.215     13.259          1    27.8099  54.794197  54.922066     5.9104    21.8038    27.8068    34.1306    6.49223    6.47526 0.0000e+00
       1548 218.725937     13.215     13.288          1    27.8070  54.853428  54.956322     5.9099    21.8375    27.8039    34.1742    6.49095    6.47399 0.0000e+00
       1549 218.725937     13.215     13.316          1    27.8035  54.907379  54.985832     5.9061    21.8690    27.8004    34.2146    6.48986    6.47290 0.0000e+00
       1550 218.725937     13.329     13.344          1    27.7919  54.929287  55.006817     5.9050    21.8907    27.7888    34.2384    6.49024    6.47328 0.0000e+00
       1551 218.725937     13.268     13.372          1    27.7824  54.929829  55.022781     5.9020    21.8993    27.7793    34.2457    6.49098    6.47402 0.0000e+00
       1552 218.725952     13.382     13.399          1    27.7791  54.925739  55.036079     5.9021    21.9000    27.7760    34.2452    6.49135    6.47439 0.0000e+00
       1553 218.725952     13.344     13.425          1    27.7794  54.923527  55.047001     5.8962    21.8986    27.7762    34.2435    6.49139    6.47443 0.0000e+00
       1554 218.725952     13.382     13.451          1    27.7796  54.923725  55.054459     5.8928    21.8985    27.7765    34.2434    6.49136    6.47440 0.0000e+00
       1555 218.725952     13.443     13.476          1    27.7791  54.931614  55.060970     5.8922    21.9031    27.7760    34.2493    6.49120    6.47424 0.0000e+00
       1556 218.725952     13.443     13.500          1    27.7792  54.955124  55.069172     5.8865    21.9154    27.7760    34.2658    6.49060    6.47364 0.0000e+00
       1557 218.725952     13.443     13.524          1    27.7793  54.986637  55.080856     5.8864    21.9320    27.7761    34.2878    6.48979    6.47284 0.0000e+00
       1558 218.725952     13.496     13.546          1    27.7777  55.013775  55.095310     5.8840    21.9476    27.7745    34.3080    6.48922    6.47227 0.0000e+00
       1559 218.725952     13.496     13.569          1    27.7748  55.029480  55.108894     5.8815    21.9584    27.7717    34.3211    6.48905    6.47210 0.0000e+00
       1560 218.725952     13.496     13.591          1    27.7728  55.041500  55.120872     5.8781    21.9666    27.7696    34.3310    6.48891    6.47196 0.0000e+00
       1561 218.725952     13.610     13.613          1    27.7718  55.066177  55.130001     5.8748    21.9805    27.7686    34.3491    6.48836    6.47142 0.0000e+00
       1562 218.725952     13.549     13.634          1    27.7711  55.090599  55.136230     5.8693    21.9939    27.7680    34.3667    6.48779    6.47085 0.0000e+00
       1563 218.725952     13.549     13.654          1    27.7708  55.104000  55.140587     5.8693    22.0013    27.7676    34.3764    6.48748    6.47054 0.0000e+00
       1564 218.725952     13.610     13.676          1    27.7708  55.108097  55.144558     5.8666    22.0035    27.7676    34.3792    6.48737    6.47044 0.0000e+00
       1565 218.725952     13.610     13.697          1    27.7712  55.111023  55.148865     5.8637    22.0046    27.7680    34.3809    6.48726    6.47033 0.0000e+00
       1566 218.725952     13.663     13.718          1    27.7721  55.119762  55.152382     5.8607    22.0085    27.7689    34.3865    6.48697    6.47004 0.0000e+00
       1567 218.725952     13.663     13.739          1    27.7722  55.133884  55.155716     5.8576    22.0158    27.7690    34.3963    6.48660    6.46967 0.0000e+00
       1568 218.725952     13.663     13.760          1    27.7725  55.151146  55.160606     5.8588    22.0247    27.7693    34.4082    6.48614    6.46921 0.0000e+00
       1569 218.725952     13.723     13.781          1    27.7726  55.167442  55.168705     5.8526    22.0332    27.7694    34.4195    6.48571    6.46879 0.0000e+00
       1570 218.725952     13.723     13.802          1    27.7736  55.178604  55.179775     5.8496    22.0383    27.7703    34.4267    6.48535    6.46843 0.0000e+00
       1571 218.725952     13.723     13.824          1    27.7746  55.184219  55.190414     5.8494    22.0404    27.7713    34.4299    6.48513    6.46821 0.0000e+00
       1572 218.725952     13.776     13.845          1    27.7756  55.187702  55.199383     5.8465    22.0413    27.7723    34.4316    6.48496    6.46804 0.0000e+00
       1573 218.725952     13.799     13.867          1    27.7769  55.195522  55.206345     5.8435    22.0443    27.7736    34.4361    6.48466    6.46774 0.0000e+00
       1574 218.725952     13.837     13.888          1    27.7775  55.206936  55.212112     5.8407    22.0498    27.7743    34.4436    6.48432    6.46740 0.0000e+00
       1575 218.725952     13.776     13.909          1    27.7783  55.214828  55.217602     5.8381    22.0532    27.7751    34.4486    6.48405    6.46713 0.0000e+00
       1576 218.725952     13.890     13.930          1    27.7801  55.220932  55.223862     5.8379    22.0549    27.7768    34.4516    6.48375    6.46684 0.0000e+00
       1577 218.725952     13.837     13.952          1    27.7811  55.224140  55.230381     5.8348    22.0557    27.7779    34.4531    6.48359    6.46667 0.0000e+00
       1578 218.725952     13.890     13.974          1    27.7817  55.225399  55.234478     5.8343    22.0558    27.7784    34.4535    6.48351    6.46660 0.0000e+00
       1579 218.725952     13.890     13.997          1    27.7830  55.227818  55.236252     5.8314    22.0559    27.7797    34.4542    6.48334    6.46643 0.0000e+00
       1580 218.725952     13.943     14.020          1    27.7837  55.230499  55.240852     5.8287    22.0567    27.7805    34.4556    6.48322    6.46630 0.0000e+00
       1581 218.725952     13.943     14.044          1    27.7845  55.233444  55.248806     5.8261    22.0576    27.7812    34.4571    6.48309    6.46617 0.0000e+00
       1582 218.725952     14.004     14.069          1    27.7852  55.240421  55.256035     5.8208    22.0607    27.7819    34.4614    6.48285    6.46593 0.0000e+00
       1583 218.725952     14.004     14.093          1    27.7856  55.248463  55.263680     5.8207    22.0646    27.7823    34.4668    6.48261    6.46570 0.0000e+00
       1584 218.725967     14.004     14.118          1    27.7871  55.251820  55.272362     5.8182    22.0650    27.7838    34.4681    6.48241    6.46550 0.0000e+00
       1585 218.725967     14.057     14.144          1    27.7884  55.252106  55.280155     5.8155    22.0641    27.7851    34.4673    6.48230    6.46539 0.0000e+00
       1586 218.725967     14.057     14.171          1    27.7889  55.252392  55.286957     5.8126    22.0637    27.7856    34.4671    6.48225    6.46534 0.0000e+00
       1587 218.725967     14.118     14.199          1    27.7893  55.253429  55.293953     5.8066    22.0639    27.7860    34.4676    6.48219    6.46528 0.0000e+00
       1588 218.725967     14.118     14.227          1    27.7893  55.257710  55.302372     5.8037    22.0662    27.7860    34.4706    6.48208    6.46517 0.0000e+00
       1589 218.725967     14.118     14.257          1    27.7897  55.263512  55.312855     5.8006    22.0689    27.7863    34.4744    6.48191    6.46500 0.0000e+00
       1590 218.725967     14.285     14.288          1    27.7904  55.268848  55.327095     5.7975    22.0711    27.7871    34.4775    6.48171    6.46480 0.0000e+00
       1591 218.725967     14.133     14.319          1    27.7911  55.270180  55.344597     5.7946    22.0711    27.7878    34.4779    6.48162    6.46471 0.0000e+00
       1592 218.725967     14.285     14.351          1    27.7922  55.273888  55.360344     5.7893    22.0722    27.7889    34.4797    6.48144    6.46453 0.0000e+00
       1593 218.725967     14.232     14.385          1    27.7924  55.283688  55.376682     5.7893    22.0771    27.7891    34.4864    6.48117    6.46427 0.0000e+00
       1594 218.725967     14.399     14.420          1    27.7921  55.295906  55.396313     5.7840    22.0839    27.7887    34.4953    6.48089    6.46399 0.0000e+00
       1595 218.725967     14.338     14.454          1    27.7937  55.302055  55.417271     5.7812    22.0857    27.7903    34.4984    6.48060    6.46370 0.0000e+00
       1596 218.725967     14.338     14.490          1    27.7956  55.303524  55.437912     5.7781    22.0849    27.7922    34.4980    6.48042    6.46352 0.0000e+00
       1597 218.725967     14.452     14.527          1    27.7969  55.311573  55.456203     5.7749    22.0880    27.7935    34.5027    6.48011    6.46321 0.0000e+00
       1598 218.725967     14.512     14.565          1    27.7978  55.326332  55.473431     5.7745    22.0949    27.7944    34.5124    6.47966    6.46276 0.0000e+00
       1599 218.725967     14.512     14.603          1    27.7987  55.342731  55.492584     5.7692    22.1028    27.7953    34.5232    6.47917    6.46227 0.0000e+00
       1600 218.725967     14.565     14.640          1    27.8006  55.351196  55.512978     5.7692    22.1056    27.7972    34.5278    6.47880    6.46191 0.0000e+00
       1601 218.725967     14.565     14.677          1    27.8026  55.359562  55.532543     5.7666    22.1083    27.7991    34.5322    6.47843    6.46154 0.0000e+00
       1602 218.725967     14.626     14.715          1    27.8043  55.392223  55.547535     5.7640    22.1240    27.8009    34.5539    6.47747    6.46058 0.0000e+00
       1603 218.725967     14.679     14.753          1    27.8045  55.441631  55.557518     5.7614    22.1500    27.8010    34.5884    6.47619    6.45931 0.0000e+00
       1604 218.725967     14.740     14.791          1    27.8085  55.482197  55.567154     5.7613    22.1678    27.8050    34.6139    6.47484    6.45797 0.0000e+00
       1605 218.725967     14.755     14.829          1    27.8139  55.493423  55.578545     5.7586    22.1690    27.8105    34.6178    6.47412    6.45725 0.0000e+00
       1606 218.725967     14.740     14.866          1    27.8186  55.503475  55.595676     5.7557    22.1702    27.8152    34.6214    6.47349    6.45663 0.0000e+00
       1607 218.725967     14.793     14.904          1    27.8208  55.543671  55.617535     5.7554    22.1895    27.8173    34.6480    6.47230    6.45544 0.0000e+00
       1608 218.725967     14.846     14.943          1    27.8221  55.591415  55.635807     5.7501    22.2135    27.8186    34.6806    6.47098    6.45412 0.0000e+00
       1609 218.725967     14.907     14.983          1    27.8268  55.628136  55.652855     5.7498    22.2289    27.8233    34.7029    6.46968    6.45283 0.0000e+00
       1610 218.725967     14.907     15.024          1    27.8321  55.659779  55.675034     5.7471    22.2409    27.8286    34.7212    6.46845    6.45161 0.0000e+00
       1611 218.725967     14.960     15.065          1    27.8360  55.688644  55.698421     5.7469    22.2527    27.8324    34.7386    6.46741    6.45057 0.0000e+00
       1612 218.725967     15.021     15.107          1    27.8397  55.694752  55.725060     5.7442    22.2526    27.8362    34.7401    6.46696    6.45012 0.0000e+00
       1613 218.725967     15.074     15.150          1    27.8432  55.694637  55.755596     5.7416    22.2495    27.8396    34.7375    6.46669    6.44985 0.0000e+00
       1614 218.725967     15.074     15.192          1    27.8451  55.709896  55.788074     5.7389    22.2559    27.8415    34.7468    6.46615    6.44931 0.0000e+00
       1615 218.725983     15.187     15.235          1    27.8450  55.718433  55.821743     5.7388    22.2604    27.8415    34.7528    6.46594    6.44910 0.0000e+00
       1616 218.725983     15.187     15.278          1    27.8480  55.727455  55.851170     5.7362    22.2626    27.8444    34.7569    6.46547    6.44864 0.0000e+00
       1617 218.725983     15.241     15.320          1    27.8488  55.742188  55.875656     5.7336    22.2696    27.8452    34.7667    6.46503    6.44820 0.0000e+00
       1618 218.725983     15.316     15.362          1    27.8498  55.760994  55.900818     5.7336    22.2787    27.8462    34.7791    6.46447    6.44765 0.0000e+00
       1619 218.725983     15.301     15.402          1    27.8513  55.796524  55.931118     5.7309    22.2961    27.8477    34.8029    6.46345    6.44663 0.0000e+00
       1620 218.725983     15.354     15.443          1    27.8536  55.836597  55.960312     5.7309    22.3153    27.8500    34.8294    6.46225    6.44544 0.0000e+00
       1621 218.725983     15.415     15.484          1    27.8570  55.852150  55.983608     5.7256    22.3204    27.8534    34.8378    6.46159    6.44478 0.0000e+00
       1622 218.725983     15.468     15.524          1    27.8615  55.852283  55.999458     5.7230    22.3166    27.8578    34.8346    6.46124    6.44443 0.0000e+00
       1623 218.725983     15.468     15.564          1    27.8638  55.869762  56.010628     5.7229    22.3237    27.8602    34.8451    6.46061    6.44380 0.0000e+00
       1624 218.725983     15.529     15.603          1    27.8644  55.897770  56.022015     5.7203    22.3380    27.8608    34.8643    6.45985    6.44304 0.0000e+00
       1625 218.725983     15.529     15.642          1    27.8663  55.919685  56.036106     5.7176    22.3479    27.8626    34.8783    6.45914    6.44234 0.0000e+00
       1626 218.725983     15.643     15.682          1    27.8692  55.937309  56.051586     5.7174    22.3547    27.8656    34.8885    6.45847    6.44167 0.0000e+00
       1627 218.725983     15.643     15.720          1    27.8716  55.944252  56.067841     5.7147    22.3562    27.8680    34.8916    6.45810    6.44130 0.0000e+00
       1628 218.725983     15.643     15.758          1    27.8733  55.938377  56.084682     5.7120    22.3516    27.8696    34.8862    6.45812    6.44132 0.0000e+00
       1629 218.725983     15.772     15.796          1    27.8746  55.935040  56.101997     5.7119    22.3487    27.8709    34.8829    6.45810    6.44130 0.0000e+00
       1630 218.725983     15.749     15.832          1    27.8746  55.957203  56.120052     5.7066    22.3604    27.8709    34.8984    6.45754    6.44074 0.0000e+00
       1631 218.725983     15.810     15.868          1    27.8742  55.981945  56.135078     5.7067    22.3738    27.8705    34.9161    6.45694    6.44015 0.0000e+00
       1632 218.725983     15.810     15.902          1    27.8759  55.995590  56.140358     5.7039    22.3795    27.8722    34.9244    6.45646    6.43967 0.0000e+00
       1633 218.725983     15.863     15.937          1    27.8788  56.000065  56.143112     5.7012    22.3793    27.8751    34.9254    6.45612    6.43933 0.0000e+00
       1634 218.725983     15.863     15.971          1    27.8791  56.002354  56.154266     5.6984    22.3803    27.8753    34.9268    6.45604    6.43925 0.0000e+00
       1635 218.725983     15.976     16.005          1    27.8801  56.009918  56.169292     5.6958    22.3833    27.8764    34.9313    6.45577    6.43898 0.0000e+00
       1636 218.725983     15.976     16.037          1    27.8807  56.020340  56.181568     5.6931    22.3884    27.8769    34.9382    6.45546    6.43867 0.0000e+00
       1637 218.725983     15.976     16.069          1    27.8820  56.040279  56.191284     5.6906    22.3977    27.8782    34.9513    6.45485    6.43807 0.0000e+00
       1638 218.725983     15.976     16.100          1    27.8831  56.081909  56.201290     5.6879    22.4187    27.8793    34.9797    6.45370    6.43693 0.0000e+00
