translate/ONIV_006T.cnv
* Sea-Bird SBE 9 Data File:
* FileName = D:\COMISSOES\2009\OCEANO_NORTE_IV\Bruto\ONIV_006.dat
* Software Version Seasave Win32 V 5.37d
* Temperature SN = 2896
* Conductivity SN = 1499
* Number of Bytes Per Scan = 21
* Number of Voltage Words = 1
* Number of Scans Averaged by the Deck Unit = 1
* NMEA Latitude = 02 43.82 N
* NMEA Longitude = 049 01.76 W
* NMEA UTC (Time) = 20:14:19
** H40
** NOc ANTARES
** 204
** OCEANO N IV
**    006
**   02 43.8 N
**   049 01.7 W
**   25/07/2009 20:12
**   75
** 9P46375-0881
**   1T JUAREZ
# nquan = 15                                
# nvalues = 12438                       
# units = specified
# name 0 = scan: Scan Count
# name 1 = timeJ: Julian Days
# name 2 = depSM: Depth [salt water, m]
# name 3 = prDM: Pressure, Digiquartz [db]
# name 4 = pumps: Pump Status
# name 5 = t090C: Temperature [ITS-90, deg C]
# name 6 = c0mS/cm: Conductivity [mS/cm]
# name 7 = c1mS/cm: Conductivity, 2 [mS/cm]
# name 8 = sbeox0Mg/L: Oxygen, SBE 43 [mg/l]
# name 9 = sigma-é00: Density [sigma-theta, kg/m^3]
# name 10 = potemp090C: Potential Temperature [ITS-90, deg C]
# name 11 = sal00: Salinity, Practical [PSU]
# name 12 = oxsolMg/L: Oxygen Saturation, Garcia & Gordon [mg/l]
# name 13 = oxsatMg/L: Oxygen Saturation, Weiss [mg/l]
# name 14 = flag: flag
# span 0 =          1,      12438       
# span 1 = 206.841171, 206.847168       
# span 2 =      0.133,     63.288       
# span 3 =      0.256,     63.510       
# span 4 =          1,          1       
# span 5 =    27.2030,    29.0052       
# span 6 =  42.068188,  56.815529       
# span 7 =  42.068531,  56.823956       
# span 8 =     4.8491,     6.6913       
# span 9 =    14.4082,    23.3785       
# span 10 =    27.1921,    29.0050      
# span 11 =    24.7755,    35.9592      
# span 12 =    6.45159,    6.71371      
# span 13 =    6.43476,    6.69549      
# span 14 = 0.0000e+00, 0.0000e+00      
# interval = seconds: 0.0416667
# start_time = Jul 25 2009 20:11:17 [System UpLoad Time]
# bad_flag = -9.990e-29
*END*
[from data line 5494]
       5495 206.843811     58.542     58.861          1    27.2067  56.757565  56.761024     5.7689    23.3777    27.1931    35.9582    6.49013    6.47335 0.0000e+00
       5496 206.843826     58.542     58.848          1    27.2067  56.757477  56.761101     5.7689    23.3776    27.1931    35.9582    6.49013    6.47336 0.0000e+00
       5497 206.843826     58.603     58.834          1    27.2069  56.757359  56.761215     5.7689    23.3774    27.1933    35.9579    6.49012    6.47335 0.0000e+00
       5498 206.843826     58.375     58.818          1    27.2067  56.757336  56.760914     5.7690    23.3776    27.1931    35.9581    6.49014    6.47336 0.0000e+00
       5499 206.843826     58.428     58.804          1    27.2069  56.757793  56.761024     5.7690    23.3776    27.1933    35.9582    6.49011    6.47333 0.0000e+00
       5500 206.843826     58.542     58.791          1    27.2069  56.757126  56.760872     5.7689    23.3773    27.1933    35.9578    6.49013    6.47335 0.0000e+00
       5501 206.843826     58.489     58.776          1    27.2071  56.757053  56.760685     5.7690    23.3771    27.1935    35.9576    6.49011    6.47334 0.0000e+00
       5502 206.843826     58.428     58.760          1    27.2067  56.757511  56.760757     5.7715    23.3777    27.1931    35.9582    6.49013    6.47335 0.0000e+00
       5503 206.843826     58.375     58.743          1    27.2067  56.757248  56.760685     5.7690    23.3775    27.1931    35.9580    6.49014    6.47336 0.0000e+00
       5504 206.843826     58.375     58.728          1    27.2071  56.756691  56.760986     5.7663    23.3769    27.1935    35.9573    6.49012    6.47335 0.0000e+00
       5505 206.843826     58.375     58.713          1    27.2066  56.756485  56.760876     5.7690    23.3773    27.1930    35.9576    6.49017    6.47339 0.0000e+00
       5506 206.843826     58.322     58.700          1    27.2069  56.756954  56.760796     5.7663    23.3772    27.1933    35.9577    6.49013    6.47336 0.0000e+00
       5507 206.843826     58.542     58.685          1    27.2067  56.757053  56.760685     5.7664    23.3774    27.1931    35.9579    6.49014    6.47337 0.0000e+00
       5508 206.843826     58.261     58.667          1    27.2067  56.757164  56.760986     5.7690    23.3775    27.1932    35.9580    6.49014    6.47336 0.0000e+00
       5509 206.843826     58.322     58.649          1    27.2067  56.757305  56.760586     5.7664    23.3776    27.1932    35.9581    6.49014    6.47336 0.0000e+00
       5510 206.843826     58.428     58.631          1    27.2069  56.756844  56.760475     5.7664    23.3772    27.1933    35.9576    6.49013    6.47336 0.0000e+00
       5511 206.843826     58.261     58.609          1    27.2069  56.756744  56.760437     5.7664    23.3771    27.1933    35.9576    6.49014    6.47336 0.0000e+00
       5512 206.843826     58.208     58.588          1    27.2067  56.756866  56.761044     5.7639    23.3773    27.1932    35.9578    6.49015    6.47337 0.0000e+00
       5513 206.843826     58.208     58.567          1    27.2067  56.756897  56.760796     5.7611    23.3774    27.1932    35.9578    6.49015    6.47337 0.0000e+00
       5514 206.843826     58.208     58.548          1    27.2067  56.756638  56.760586     5.7559    23.3772    27.1932    35.9576    6.49015    6.47338 0.0000e+00
       5515 206.843826     58.375     58.528          1    27.2073  56.756714  56.760452     5.7559    23.3768    27.1937    35.9573    6.49011    6.47333 0.0000e+00
       5516 206.843826     58.147     58.504          1    27.2066  56.757095  56.760532     5.7559    23.3776    27.1930    35.9581    6.49015    6.47338 0.0000e+00
       5517 206.843826     57.980     58.481          1    27.2069  56.757301  56.760853     5.7534    23.3774    27.1934    35.9580    6.49012    6.47334 0.0000e+00
       5518 206.843826     58.261     58.460          1    27.2069  56.756611  56.760376     5.7534    23.3771    27.1934    35.9575    6.49014    6.47336 0.0000e+00
       5519 206.843826     58.208     58.437          1    27.2067  56.755882  56.760361     5.7534    23.3768    27.1932    35.9571    6.49017    6.47339 0.0000e+00
       5520 206.843826     58.033     58.411          1    27.2069  56.756603  56.760418     5.7508    23.3770    27.1934    35.9575    6.49014    6.47336 0.0000e+00
       5521 206.843826     58.079     58.384          1    27.2069  56.757225  56.760529     5.7481    23.3774    27.1934    35.9580    6.49012    6.47334 0.0000e+00
       5522 206.843826     58.033     58.358          1    27.2069  56.756611  56.760452     5.7481    23.3771    27.1934    35.9576    6.49014    6.47336 0.0000e+00
       5523 206.843826     58.033     58.331          1    27.2069  56.756832  56.760529     5.7456    23.3772    27.1934    35.9577    6.49013    6.47335 0.0000e+00
       5524 206.843826     57.980     58.302          1    27.2067  56.757015  56.760452     5.7431    23.3775    27.1932    35.9580    6.49014    6.47336 0.0000e+00
       5525 206.843826     57.927     58.274          1    27.2069  56.756664  56.760246     5.7455    23.3771    27.1934    35.9576    6.49014    6.47336 0.0000e+00
       5526 206.843826     57.927     58.246          1    27.2069  56.756481  56.760189     5.7456    23.3770    27.1934    35.9575    6.49014    6.47336 0.0000e+00
       5527 206.843826     57.927     58.217          1    27.2069  56.755966  56.760300     5.7456    23.3768    27.1934    35.9571    6.49015    6.47338 0.0000e+00
       5528 206.843842     57.813     58.188          1    27.2067  56.756363  56.760227     5.7456    23.3771    27.1933    35.9576    6.49016    6.47338 0.0000e+00
       5529 206.843842     57.866     58.159          1    27.2067  56.756546  56.760529     5.7431    23.3772    27.1933    35.9577    6.49015    6.47337 0.0000e+00
       5530 206.843842     57.927     58.129          1    27.2067  56.755989  56.760414     5.7431    23.3769    27.1933    35.9573    6.49016    6.47339 0.0000e+00
       5531 206.843842     57.699     58.096          1    27.2069  56.755905  56.760567     5.7405    23.3768    27.1935    35.9571    6.49015    6.47338 0.0000e+00
       5532 206.843842     57.753     58.063          1    27.2067  56.755772  56.760414     5.7431    23.3768    27.1933    35.9572    6.49017    6.47339 0.0000e+00
       5533 206.843842     57.699     58.030          1    27.2066  56.756111  56.760338     5.7430    23.3772    27.1931    35.9576    6.49017    6.47340 0.0000e+00
       5534 206.843842     57.699     57.997          1    27.2066  56.756897  56.759998     5.7458    23.3776    27.1931    35.9581    6.49015    6.47338 0.0000e+00
       5535 206.843842     57.586     57.964          1    27.2067  56.756554  56.759995     5.7431    23.3773    27.1933    35.9578    6.49015    6.47337 0.0000e+00
       5536 206.843842     57.639     57.931          1    27.2069  56.756142  56.760262     5.7406    23.3769    27.1935    35.9573    6.49014    6.47336 0.0000e+00
       5537 206.843842     57.586     57.898          1    27.2067  56.755806  56.760509     5.7404    23.3769    27.1933    35.9573    6.49017    6.47339 0.0000e+00
       5538 206.843842     57.472     57.865          1    27.2067  56.756111  56.760223     5.7431    23.3771    27.1933    35.9575    6.49016    6.47338 0.0000e+00
       5539 206.843842     57.639     57.832          1    27.2067  56.756405  56.760338     5.7431    23.3772    27.1933    35.9577    6.49015    6.47337 0.0000e+00
       5540 206.843842     57.419     57.797          1    27.2066  56.755966  56.760185     5.7432    23.3771    27.1932    35.9575    6.49017    6.47340 0.0000e+00
       5541 206.843842     57.358     57.763          1    27.2067  56.755936  56.760338     5.7379    23.3770    27.1934    35.9574    6.49016    6.47338 0.0000e+00
       5542 206.843842     57.525     57.730          1    27.2067  56.756763  56.760185     5.7406    23.3774    27.1934    35.9580    6.49014    6.47336 0.0000e+00
       5543 206.843842     57.419     57.694          1    27.2066  56.757481  56.759823     5.7405    23.3780    27.1932    35.9586    6.49013    6.47336 0.0000e+00
       5544 206.843842     57.244     57.658          1    27.2063  56.756981  56.759956     5.7380    23.3779    27.1930    35.9585    6.49016    6.47339 0.0000e+00
       5545 206.843842     57.244     57.623          1    27.2066  56.756039  56.759750     5.7379    23.3772    27.1932    35.9576    6.49017    6.47339 0.0000e+00
       5546 206.843842     57.191     57.590          1    27.2066  56.755901  56.759880     5.7378    23.3771    27.1932    35.9575    6.49017    6.47340 0.0000e+00
       5547 206.843842     57.358     57.559          1    27.2067  56.756031  56.759956     5.7379    23.3771    27.1934    35.9575    6.49016    6.47338 0.0000e+00
       5548 206.843842     57.191     57.526          1    27.2063  56.756523  56.759785     5.7379    23.3777    27.1930    35.9582    6.49017    6.47340 0.0000e+00
       5549 206.843842     57.077     57.493          1    27.2066  56.755856  56.759842     5.7381    23.3771    27.1933    35.9575    6.49017    6.47340 0.0000e+00
       5550 206.843842     57.191     57.462          1    27.2063  56.755520  56.759541     5.7404    23.3771    27.1930    35.9575    6.49020    6.47342 0.0000e+00
       5551 206.843842     57.077     57.430          1    27.2066  56.755333  56.759537     5.7405    23.3769    27.1933    35.9572    6.49019    6.47341 0.0000e+00
       5552 206.843842     57.016     57.399          1    27.2063  56.755211  56.759518     5.7404    23.3770    27.1931    35.9573    6.49021    6.47343 0.0000e+00
       5553 206.843842     57.016     57.371          1    27.2066  56.755421  56.759331     5.7406    23.3769    27.1933    35.9573    6.49018    6.47341 0.0000e+00
       5554 206.843842     56.910     57.344          1    27.2063  56.755596  56.759388     5.7406    23.3772    27.1931    35.9576    6.49020    6.47342 0.0000e+00
       5555 206.843842     56.963     57.321          1    27.2067  56.755856  56.759594     5.7405    23.3770    27.1935    35.9575    6.49016    6.47338 0.0000e+00
       5556 206.843842     56.963     57.300          1    27.2063  56.756226  56.759541     5.7404    23.3776    27.1931    35.9580    6.49018    6.47340 0.0000e+00
       5557 206.843842     56.910     57.280          1    27.2063  56.755928  56.759842     5.7431    23.3774    27.1931    35.9578    6.49019    6.47341 0.0000e+00
       5558 206.843842     57.016     57.261          1    27.2062  56.755932  56.759727     5.7431    23.3776    27.1929    35.9580    6.49020    6.47342 0.0000e+00
       5559 206.843857     56.751     57.242          1    27.2063  56.756268  56.759651     5.7432    23.3776    27.1931    35.9581    6.49018    6.47340 0.0000e+00
       5560 206.843857     56.963     57.225          1    27.2063  56.756432  56.759422     5.7430    23.3777    27.1931    35.9582    6.49017    6.47340 0.0000e+00
       5561 206.843857     56.910     57.209          1    27.2063  56.756454  56.759632     5.7456    23.3777    27.1931    35.9582    6.49017    6.47340 0.0000e+00
       5562 206.843857     56.796     57.192          1    27.2066  56.755730  56.759727     5.7429    23.3771    27.1933    35.9575    6.49017    6.47340 0.0000e+00
       5563 206.843857     56.796     57.177          1    27.2066  56.755493  56.759842     5.7482    23.3770    27.1933    35.9574    6.49018    6.47340 0.0000e+00
       5564 206.843857     56.796     57.164          1    27.2066  56.755821  56.759537     5.7481    23.3772    27.1933    35.9576    6.49017    6.47339 0.0000e+00
       5565 206.843857     56.796     57.154          1    27.2062  56.756226  56.759651     5.7480    23.3777    27.1929    35.9582    6.49019    6.47341 0.0000e+00
       5566 206.843857     56.796     57.145          1    27.2063  56.755440  56.759727     5.7456    23.3772    27.1931    35.9575    6.49020    6.47342 0.0000e+00
       5567 206.843857     56.796     57.138          1    27.2063  56.755081  56.759727     5.7480    23.3770    27.1931    35.9573    6.49021    6.47343 0.0000e+00
       5568 206.843857     56.735     57.131          1    27.2066  56.755157  56.759556     5.7507    23.3768    27.1933    35.9572    6.49019    6.47341 0.0000e+00
       5569 206.843857     56.682     57.129          1    27.2062  56.755680  56.759842     5.7533    23.3774    27.1930    35.9578    6.49020    6.47343 0.0000e+00
       5570 206.843857     56.796     57.129          1    27.2063  56.756008  56.759727     5.7505    23.3775    27.1931    35.9579    6.49018    6.47341 0.0000e+00
       5571 206.843857     56.796     57.132          1    27.2062  56.756062  56.759369     5.7531    23.3776    27.1930    35.9581    6.49019    6.47342 0.0000e+00
       5572 206.843857     56.796     57.135          1    27.2063  56.755569  56.759384     5.7559    23.3772    27.1931    35.9576    6.49019    6.47342 0.0000e+00
       5573 206.843857     56.796     57.138          1    27.2060  56.755474  56.759594     5.7557    23.3775    27.1927    35.9578    6.49023    6.47345 0.0000e+00
       5574 206.843857     56.622     57.145          1    27.2063  56.756054  56.759537     5.7582    23.3775    27.1931    35.9580    6.49018    6.47340 0.0000e+00
       5575 206.843857     56.910     57.155          1    27.2063  56.756401  56.759613     5.7530    23.3777    27.1931    35.9582    6.49017    6.47340 0.0000e+00
       5576 206.843857     56.796     57.166          1    27.2062  56.755535  56.759933     5.7554    23.3774    27.1929    35.9577    6.49021    6.47343 0.0000e+00
       5577 206.843857     56.910     57.177          1    27.2062  56.755135  56.759747     5.7530    23.3771    27.1929    35.9574    6.49022    6.47344 0.0000e+00
       5578 206.843857     56.735     57.188          1    27.2062  56.755398  56.759880     5.7553    23.3773    27.1929    35.9576    6.49021    6.47344 0.0000e+00
       5579 206.843857     56.849     57.202          1    27.2063  56.756283  56.759956     5.7556    23.3776    27.1931    35.9581    6.49018    6.47340 0.0000e+00
       5580 206.843857     56.849     57.219          1    27.2066  56.756542  56.759785     5.7553    23.3775    27.1933    35.9581    6.49015    6.47338 0.0000e+00
       5581 206.843857     56.910     57.237          1    27.2063  56.755985  56.759556     5.7554    23.3774    27.1931    35.9579    6.49018    6.47341 0.0000e+00
       5582 206.843857     56.910     57.256          1    27.2063  56.755669  56.759331     5.7577    23.3773    27.1931    35.9576    6.49019    6.47342 0.0000e+00
       5583 206.843857     56.910     57.276          1    27.2066  56.755363  56.759789     5.7633    23.3769    27.1933    35.9573    6.49018    6.47341 0.0000e+00
       5584 206.843857     57.077     57.295          1    27.2066  56.755444  56.759956     5.7631    23.3769    27.1933    35.9573    6.49018    6.47341 0.0000e+00
       5585 206.843857     56.910     57.314          1    27.2063  56.756054  56.760071     5.7631    23.3775    27.1931    35.9579    6.49018    6.47341 0.0000e+00
       5586 206.843857     57.016     57.334          1    27.2066  56.756401  56.759995     5.7656    23.3774    27.1933    35.9580    6.49016    6.47338 0.0000e+00
       5587 206.843857     57.016     57.354          1    27.2063  56.756226  56.759785     5.7655    23.3775    27.1931    35.9580    6.49018    6.47340 0.0000e+00
       5588 206.843857     56.910     57.376          1    27.2063  56.755592  56.759842     5.7657    23.3772    27.1931    35.9576    6.49020    6.47342 0.0000e+00
       5589 206.843857     57.130     57.401          1    27.2063  56.756195  56.759766     5.7681    23.3775    27.1931    35.9580    6.49018    6.47340 0.0000e+00
       5590 206.843857     57.077     57.427          1    27.2063  56.756783  56.759842     5.7680    23.3778    27.1931    35.9584    6.49017    6.47339 0.0000e+00
